-44.45681459741526
-6.577881156953089
-1.4059707198888258
-58.022550611439236
-22.170189248553285
-6.577881156953089
-22.170189248553285
1.9331497431485711
-22.170189248553285
-22.170189248553285
-13.516663727205682
-22.170189248553285
-22.170189248553285
-13.516663727205682
-22.170189248553285
-6.577881156953089
-32.495629805909914
-22.170189248553285
-22.170189248553285
-44.45681459741526
-22.170189248553285
-22.170189248553285
-22.170189248553285
-22.170189248553285
-6.577881156953089
-22.170189248553285
-22.170189248553285
-22.170189248553285
-13.516663727205682
-22.170189248553285
-22.170189248553285
-22.170189248553285
-22.170189248553285
-22.170189248553285
-22.170189248553285
-22.170189248553285
-13.516663727205682
-22.170189248553285
-58.022550611439236
-22.170189248553285
-13.516663727205682
-22.170189248553285
-22.170189248553285
-22.170189248553285
-13.516663727205682
-22.170189248553285
-44.45681459741526
-32.495629805909914
-22.170189248553285
-22.170189248553285
-22.170189248553285
-22.170189248553285
-13.516663727205682
-32.495629805909914
-22.170189248553285
-13.516663727205682
-22.170189248553285
-1.4059707198888258
-13.516663727205682
-22.170189248553285
-22.170189248553285
-22.170189248553285
-6.577881156953089
-13.516663727205682
-22.170189248553285
-22.170189248553285
-22.170189248553285
-13.516663727205682
-13.516663727205682
-22.170189248553285
-22.170189248553285
-58.022550611439236
-22.170189248553285
-22.170189248553285
-22.170189248553285
-6.577881156953089
-44.45681459741526
-22.170189248553285
-1.4059707198888258
-22.170189248553285
-13.516663727205682
-32.495629805909914
-6.577881156953089
-13.516663727205682
-22.170189248553285
-13.516663727205682
-32.495629805909914
-13.516663727205682
-6.577881156953089
-22.170189248553285
-44.45681459741526
-44.45681459741526
-13.516663727205682
-1.4059707198888258
-32.495629805909914
-22.170189248553285
-22.170189248553285
-22.170189248553285
-13.516663727205682
-44.45681459741526
-22.170189248553285
-13.516663727205682
-22.170189248553285
-22.170189248553285
-22.170189248553285
-22.170189248553285
-22.170189248553285
-44.45681459741526
-22.170189248553285
-32.495629805909914
-22.170189248553285
-22.170189248553285
-32.495629805909914
-44.45681459741526
-22.170189248553285
-22.170189248553285
-44.45681459741526
-32.495629805909914
-22.170189248553285
-22.170189248553285
-32.495629805909914
-32.495629805909914
-13.516663727205682
-22.170189248553285
-44.45681459741526
-22.170189248553285
-22.170189248553285
-6.577881156953089
-22.170189248553285
-32.495629805909914
-44.45681459741526
-32.495629805909914
-13.516663727205682
-44.45681459741526
-32.495629805909914
-44.45681459741526
-32.495629805909914
-22.170189248553285
-44.45681459741526
-58.022550611439236
-32.495629805909914
-44.45681459741526
-22.170189248553285
-58.022550611439236
-44.45681459741526
-32.495629805909914
-58.022550611439236
-22.170189248553285
-58.022550611439236
-22.170189248553285
-44.45681459741526
-22.170189248553285
-44.45681459741526
-44.45681459741526
-32.495629805909914
-73.16549442941331
-44.45681459741526
-13.516663727205682
-22.170189248553285
-73.16549442941331
-22.170189248553285
-44.45681459741526
-22.170189248553285
-22.170189248553285
-22.170189248553285
-58.022550611439236
-22.170189248553285
-73.16549442941331
-22.170189248553285
-22.170189248553285
-44.45681459741526
-58.022550611439236
-22.170189248553285
-32.495629805909914
-32.495629805909914
-22.170189248553285
-22.170189248553285
-44.45681459741526
-73.16549442941331
-13.516663727205682
-22.170189248553285
-44.45681459741526
-44.45681459741526
-89.86136037731572
-32.495629805909914
-6.577881156953089
-44.45681459741526
-73.16549442941331
-32.495629805909914
-22.170189248553285
-22.170189248553285
-73.16549442941331
-22.170189248553285
-22.170189248553285
-58.022550611439236
-22.170189248553285
-22.170189248553285
-22.170189248553285
-44.45681459741526
-32.495629805909914
-32.495629805909914
-22.170189248553285
-44.45681459741526
-22.170189248553285
-22.170189248553285
-32.495629805909914
-22.170189248553285
-22.170189248553285
-22.170189248553285
-32.495629805909914
-22.170189248553285
-22.170189248553285
-44.45681459741526
-22.170189248553285
-32.495629805909914
-22.170189248553285
-13.516663727205682
-32.495629805909914
-22.170189248553285
-6.577881156953089
-22.170189248553285
-44.45681459741526
-13.516663727205682
-22.170189248553285
-32.495629805909914
-22.170189248553285
-22.170189248553285
-22.170189248553285
-32.495629805909914
-22.170189248553285
-22.170189248553285
-32.495629805909914
-32.495629805909914
-22.170189248553285
-13.516663727205682
-6.577881156953089
-13.516663727205682
-58.022550611439236
-58.022550611439236
-58.022550611439236
-32.495629805909914
-32.495629805909914
-13.516663727205682
-22.170189248553285
-22.170189248553285
-44.45681459741526
-22.170189248553285
-44.45681459741526
-44.45681459741526
-22.170189248553285
-22.170189248553285
-44.45681459741526
-22.170189248553285
-13.516663727205682
-6.577881156953089
-1.4059707198888258
-22.170189248553285
-32.495629805909914
-22.170189248553285
-22.170189248553285
-32.495629805909914
-22.170189248553285
-22.170189248553285
-32.495629805909914
-22.170189248553285
-22.170189248553285
-32.495629805909914
-1.4059707198888258
-13.516663727205682
-13.516663727205682
-1.4059707198888258
-22.170189248553285
-22.170189248553285
-13.516663727205682
-22.170189248553285
-32.495629805909914
-32.495629805909914
-22.170189248553285
-22.170189248553285
-32.495629805909914
-44.45681459741526
-22.170189248553285
-32.495629805909914
-22.170189248553285
-22.170189248553285
-6.577881156953089
-44.45681459741526
-44.45681459741526
-73.16549442941331
-58.022550611439236
-22.170189248553285
-58.022550611439236
-73.16549442941331
-73.16549442941331
-32.495629805909914
-58.022550611439236
-58.022550611439236
-44.45681459741526
-13.516663727205682
-22.170189248553285
1.9331497431485711
-58.022550611439236
-73.16549442941331
-73.16549442941331
-73.16549442941331
-58.022550611439236
-32.495629805909914
-13.516663727205682
3.3513104288440103
-1.4059707198888258
-1.4059707198888258
-32.495629805909914
-1.4059707198888258
-22.170189248553285
-32.495629805909914
-13.516663727205682
-22.170189248553285
-32.495629805909914
3.3513104288440103
2.7193275709291855
-44.45681459741526
-1.4059707198888258
1.9331497431485711
-13.516663727205682
-127.8266959541445
-22.170189248553285
-127.8266959541445
1.9331497431485711
1.9331497431485711
-127.8266959541445
-32.495629805909914
-44.45681459741526
-44.45681459741526
-13.516663727205682
1.9331497431485711
-6.577881156953089
-127.8266959541445
-1.4059707198888258
-22.170189248553285
-32.495629805909914
-108.08834490739508
1.9331497431485711
-13.516663727205682
-13.516663727205682
-127.8266959541445
-108.08834490739508
-127.8266959541445
-108.08834490739508
-108.08834490739508
-44.45681459741526
-13.516663727205682
1.9331497431485711
-22.170189248553285
-127.8266959541445
-108.08834490739508
-32.495629805909914
-108.08834490739508
-89.86136037731572
-44.45681459741526
-127.8266959541445
-1.4059707198888258
-22.170189248553285
-22.170189248553285
-127.8266959541445
-108.08834490739508
-58.022550611439236
-6.577881156953089
-6.577881156953089
-6.577881156953089
-22.170189248553285
-127.8266959541445
-108.08834490739508
-44.45681459741526
3.3513104288440103
-13.516663727205682
-32.495629805909914
-127.8266959541445
-44.45681459741526
-6.577881156953089
-1.4059707198888258
-6.577881156953089
-32.495629805909914
-127.8266959541445
-127.8266959541445
-44.45681459741526
-1.4059707198888258
-13.516663727205682
-108.08834490739508
-127.8266959541445
-58.022550611439236
-6.577881156953089
1.9331497431485711
-22.170189248553285
-22.170189248553285
-127.8266959541445
-58.022550611439236
-108.08834490739508
-127.8266959541445
-127.8266959541445
-58.022550611439236
-13.516663727205682
-108.08834490739508
-22.170189248553285
-108.08834490739508
-44.45681459741526
-127.8266959541445
-58.022550611439236
-6.577881156953089
-13.516663727205682
-108.08834490739508
-32.495629805909914
-58.022550611439236
-13.516663727205682
-6.577881156953089
-127.8266959541445
-44.45681459741526
-32.495629805909914
-13.516663727205682
-6.577881156953089
-22.170189248553285
-32.495629805909914
-1.4059707198888258
-22.170189248553285
-22.170189248553285
-6.577881156953089
-6.577881156953089
-32.495629805909914
-22.170189248553285
-6.577881156953089
-32.495629805909914
-22.170189248553285
-6.577881156953089
-32.495629805909914
-127.8266959541445
-6.577881156953089
-32.495629805909914
-6.577881156953089
-13.516663727205682
-22.170189248553285
-6.577881156953089
-32.495629805909914
-13.516663727205682
-32.495629805909914
3.3513104288440103
-32.495629805909914
-32.495629805909914
-22.170189248553285
-1.4059707198888258
-22.170189248553285
-32.495629805909914
3.189653668226191
2.235415142777948
2.184865392624257
2.184865392624257
2.914363932357242
0.8679362564923556
2.5722871391296662
2.5722871391296662
3.3629994998010964
3.189653668226191
3.372147121027755
2.184865392624257
1.324794375572569
2.5722871391296662
2.184865392624257
2.5722871391296662
2.5722871391296662
2.5722871391296662
3.3629994998010964
2.5722871391296662
3.189653668226191
1.324794375572569
2.184865392624257
2.5722871391296662
2.5722871391296662
2.5722871391296662
3.093781043969179
2.5722871391296662
3.189653668226191
2.914363932357242
3.189653668226191
3.189653668226191
2.235415142777948
3.3629994998010964
2.5722871391296662
2.5722871391296662
3.372147121027755
-0.07567117833816914
-0.5565268919725987
3.189653668226191
3.189653668226191
-0.07567117833816914
1.324794375572569
1.7659307500281922
2.5722871391296662
1.7659307500281922
-0.07567117833816914
2.235415142777948
3.3629994998010964
2.5722871391296662
3.3629994998010964
-0.07567117833816914
3.3629994998010964
3.3629994998010964
-0.5565268919725987
2.5722871391296662
3.372147121027755
1.7659307500281922
3.372147121027755
-0.07567117833816914
3.189653668226191
3.189653668226191
2.5722871391296662
3.3629994998010964
-0.5565268919725987
3.3629994998010964
3.189653668226191
-0.5565268919725987
3.093781043969179
2.5722871391296662
2.184865392624257
2.5722871391296662
3.093781043969179
2.5722871391296662
3.189653668226191
3.3629994998010964
3.189653668226191
2.914363932357242
2.5722871391296662
2.5722871391296662
2.914363932357242
3.372147121027755
2.5722871391296662
3.189653668226191
3.3629994998010964
2.5722871391296662
3.372147121027755
3.093781043969179
3.3629994998010964
3.093781043969179
3.093781043969179
2.914363932357242
3.189653668226191
3.372147121027755
2.184865392624257
2.914363932357242
3.093781043969179
3.3629994998010964
3.093781043969179
3.093781043969179
2.914363932357242
2.914363932357242
3.372147121027755
2.184865392624257
3.3629994998010964
3.093781043969179
3.3629994998010964
2.235415142777948
3.093781043969179
2.5722871391296662
3.3629994998010964
2.914363932357242
3.189653668226191
-0.07567117833816914
2.914363932357242
2.914363932357242
3.372147121027755
2.184865392624257
3.3629994998010964
3.093781043969179
2.914363932357242
3.093781043969179
-0.5565268919725987
3.3629994998010964
2.914363932357242
3.372147121027755
2.184865392624257
3.3629994998010964
3.093781043969179
2.914363932357242
2.235415142777948
-0.5565268919725987
3.3629994998010964
2.914363932357242
3.3629994998010964
-0.5565268919725987
3.3629994998010964
2.235415142777948
2.914363932357242
3.093781043969179
3.189653668226191
2.914363932357242
3.189653668226191
-0.5565268919725987
3.189653668226191
2.914363932357242
3.093781043969179
3.189653668226191
2.914363932357242
2.914363932357242
3.3629994998010964
3.189653668226191
3.3629994998010964
3.189653668226191
3.189653668226191
2.914363932357242
2.914363932357242
2.184865392624257
3.3629994998010964
3.189653668226191
3.3629994998010964
2.914363932357242
3.3629994998010964
2.184865392624257
3.3629994998010964
2.914363932357242
3.372147121027755
3.189653668226191
3.3629994998010964
2.5722871391296662
3.3629994998010964
3.189653668226191
3.3629994998010964
3.372147121027755
-0.5565268919725987
2.914363932357242
-0.5565268919725987
3.189653668226191
2.914363932357242
3.372147121027755
2.5722871391296662
3.3629994998010964
2.5722871391296662
3.3629994998010964
2.914363932357242
3.189653668226191
2.914363932357242
3.189653668226191
3.372147121027755
-0.07567117833816914
3.189653668226191
2.914363932357242
3.093781043969179
3.189653668226191
3.189653668226191
2.235415142777948
3.189653668226191
2.914363932357242
3.372147121027755
2.914363932357242
2.914363932357242
3.3629994998010964
2.914363932357242
2.914363932357242
3.3629994998010964
2.5722871391296662
2.914363932357242
3.3629994998010964
2.5722871391296662
2.914363932357242
3.3629994998010964
2.5722871391296662
3.189653668226191
3.3629994998010964
2.914363932357242
3.189653668226191
3.3629994998010964
2.914363932357242
3.3629994998010964
2.5722871391296662
2.184865392624257
1.324794375572569
2.914363932357242
3.189653668226191
2.5722871391296662
3.3629994998010964
3.189653668226191
2.914363932357242
2.914363932357242
3.3629994998010964
3.3629994998010964
3.189653668226191
3.189653668226191
3.189653668226191
3.3629994998010964
3.189653668226191
2.914363932357242
3.3629994998010964
3.3629994998010964
3.372147121027755
2.5722871391296662
3.372147121027755
3.189653668226191
2.5722871391296662
3.372147121027755
3.3629994998010964
2.5722871391296662
3.372147121027755
3.189653668226191
3.189653668226191
3.189653668226191
2.5722871391296662
3.372147121027755
3.189653668226191
2.5722871391296662
3.372147121027755
2.914363932357242
2.914363932357242
3.372147121027755
2.914363932357242
3.372147121027755
3.189653668226191
2.914363932357242
1.7659307500281922
3.189653668226191
3.189653668226191
3.189653668226191
3.3629994998010964
2.5722871391296662
3.3629994998010964
3.189653668226191
2.914363932357242
3.372147121027755
2.914363932357242
3.189653668226191
2.914363932357242
2.235415142777948
2.914363932357242
3.189653668226191
-0.18856406043340887
2.5722871391296662
3.3629994998010964
3.093781043969179
2.914363932357242
3.093781043969179
3.372147121027755
3.372147121027755
2.914363932357242
3.093781043969179
3.189653668226191
3.3629994998010964
3.3629994998010964
3.189653668226191
3.3629994998010964
3.3629994998010964
3.372147121027755
2.914363932357242
3.3629994998010964
3.372147121027755
2.5722871391296662
2.5722871391296662
1.7659307500281922
3.189653668226191
3.189653668226191
3.3629994998010964
3.3629994998010964
3.3629994998010964
2.5722871391296662
3.3629994998010964
3.189653668226191
2.5722871391296662
3.3629994998010964
2.914363932357242
3.189653668226191
3.3629994998010964
2.5722871391296662
3.372147121027755
3.3629994998010964
2.5722871391296662
3.372147121027755
2.914363932357242
3.3629994998010964
2.5722871391296662
2.184865392624257
3.3629994998010964
3.189653668226191
2.914363932357242
3.3629994998010964
2.914363932357242
2.914363932357242
3.3629994998010964
2.5722871391296662
3.189653668226191
2.5722871391296662
3.3629994998010964
2.914363932357242
3.189653668226191
3.372147121027755
2.5722871391296662
2.914363932357242
3.189653668226191
2.914363932357242
3.3629994998010964
2.914363932357242
3.3629994998010964
3.093781043969179
3.189653668226191
3.372147121027755
3.372147121027755
3.3629994998010964
3.372147121027755
3.3629994998010964
3.372147121027755
3.372147121027755
3.189653668226191
3.189653668226191
2.235415142777948
3.093781043969179
2.184865392624257
2.5722871391296662
3.189653668226191
2.914363932357242
2.914363932357242
3.189653668226191
3.3629994998010964
3.093781043969179
2.184865392624257
2.5722871391296662
3.3629994998010964
3.372147121027755
3.189653668226191
3.189653668226191
1.324794375572569
2.5722871391296662
3.3629994998010964
3.3629994998010964
3.189653668226191
3.3629994998010964
3.372147121027755
3.3629994998010964
3.372147121027755
1.324794375572569
2.914363932357242
3.372147121027755
3.3629994998010964
2.914363932357242
3.3629994998010964
3.3629994998010964
2.914363932357242
3.189653668226191
3.372147121027755
3.3629994998010964
3.372147121027755
3.3629994998010964
3.189653668226191
3.372147121027755
3.372147121027755
3.3629994998010964
3.372147121027755
3.372147121027755
3.189653668226191
2.5722871391296662
2.914363932357242
2.5722871391296662
1.324794375572569
2.914363932357242
3.3629994998010964
3.3629994998010964
3.093781043969179
3.3629994998010964
3.189653668226191
3.3629994998010964
3.3629994998010964
3.372147121027755
3.372147121027755
3.3629994998010964
3.189653668226191
3.3629994998010964
3.372147121027755
3.372147121027755
3.093781043969179
3.3629994998010964
3.189653668226191
3.189653668226191
3.372147121027755
3.3629994998010964
3.372147121027755
3.3629994998010964
2.914363932357242
3.189653668226191
3.372147121027755
2.235415142777948
3.093781043969179
3.189653668226191
2.914363932357242
2.914363932357242
3.372147121027755
3.372147121027755
3.093781043969179
3.093781043969179
3.093781043969179
3.093781043969179
3.093781043969179
3.093781043969179
3.093781043969179
3.093781043969179
2.235415142777948
2.235415142777948
2.235415142777948
3.093781043969179
2.235415142777948
3.093781043969179
3.189653668226191
3.093781043969179
3.093781043969179
3.093781043969179
3.189653668226191
3.093781043969179
3.093781043969179
3.093781043969179
2.914363932357242
2.235415142777948
3.093781043969179
2.235415142777948
2.914363932357242
3.093781043969179
3.093781043969179
2.914363932357242
3.3629994998010964
2.235415142777948
3.093781043969179
3.189653668226191
2.5722871391296662
3.3629994998010964
3.093781043969179
3.093781043969179
2.914363932357242
3.372147121027755
3.093781043969179
3.093781043969179
3.189653668226191
3.093781043969179
3.093781043969179
3.093781043969179
3.093781043969179
3.093781043969179
3.093781043969179
3.093781043969179
3.372147121027755
3.093781043969179
3.093781043969179
3.093781043969179
3.093781043969179
3.372147121027755
3.093781043969179
3.372147121027755
3.093781043969179
3.093781043969179
3.093781043969179
3.093781043969179
2.235415142777948
3.093781043969179
2.235415142777948
3.372147121027755
2.235415142777948
2.235415142777948
3.372147121027755
3.093781043969179
2.235415142777948
2.235415142777948
3.3629994998010964
3.189653668226191
-0.18856406043340887
3.093781043969179
3.372147121027755
2.914363932357242
3.189653668226191
3.093781043969179
3.093781043969179
3.093781043969179
3.3629994998010964
3.093781043969179
2.235415142777948
3.093781043969179
3.3629994998010964
2.235415142777948
3.372147121027755
3.093781043969179
3.372147121027755
3.372147121027755
3.093781043969179
3.093781043969179
3.3629994998010964
3.093781043969179
2.235415142777948
2.235415142777948
3.3629994998010964
3.372147121027755
2.235415142777948
3.093781043969179
3.372147121027755
2.914363932357242
2.235415142777948
3.093781043969179
3.372147121027755
1.324794375572569
3.093781043969179
2.5722871391296662
2.235415142777948
3.093781043969179
3.3629994998010964
1.324794375572569
3.372147121027755
2.5722871391296662
3.372147121027755
3.372147121027755
3.372147121027755
2.184865392624257
3.3629994998010964
3.189653668226191
2.5722871391296662
2.914363932357242
3.189653668226191
2.914363932357242
2.5722871391296662
2.5722871391296662
2.235415142777948
3.372147121027755
3.372147121027755
2.184865392624257
3.3629994998010964
2.5722871391296662
2.914363932357242
3.093781043969179
3.372147121027755
3.372147121027755
2.184865392624257
3.3629994998010964
2.914363932357242
2.235415142777948
3.093781043969179
2.5722871391296662
3.372147121027755
3.189653668226191
3.093781043969179
3.372147121027755
3.189653668226191
3.372147121027755
3.372147121027755
2.914363932357242
2.235415142777948
3.3629994998010964
3.189653668226191
3.372147121027755
3.3629994998010964
2.235415142777948
3.189653668226191
2.5722871391296662
3.372147121027755
2.914363932357242
2.235415142777948
3.189653668226191
2.5722871391296662
3.372147121027755
2.5722871391296662
2.235415142777948
3.3629994998010964
3.3629994998010964
2.5722871391296662
3.093781043969179
3.3629994998010964
3.189653668226191
2.5722871391296662
3.093781043969179
3.3629994998010964
3.189653668226191
3.189653668226191
2.5722871391296662
2.5722871391296662
2.914363932357242
2.5722871391296662
3.093781043969179
3.372147121027755
3.189653668226191
1.324794375572569
3.093781043969179
3.372147121027755
3.372147121027755
1.324794375572569
3.372147121027755
3.372147121027755
3.3629994998010964
1.7659307500281922
3.189653668226191
3.372147121027755
3.189653668226191
3.3629994998010964
1.7659307500281922
3.372147121027755
3.189653668226191
3.189653668226191
2.184865392624257
3.372147121027755
2.914363932357242
3.3629994998010964
3.3629994998010964
3.3629994998010964
2.914363932357242
3.3629994998010964
3.3629994998010964
2.914363932357242
3.3629994998010964
3.3629994998010964
2.5722871391296662
3.093781043969179
3.189653668226191
3.189653668226191
2.184865392624257
3.093781043969179
3.189653668226191
2.5722871391296662
2.914363932357242
3.189653668226191
2.5722871391296662
3.093781043969179
2.914363932357242
2.184865392624257
3.093781043969179
2.5722871391296662
2.5722871391296662
3.372147121027755
1.324794375572569
2.5722871391296662
3.3629994998010964
1.7659307500281922
2.5722871391296662
3.189653668226191
1.7659307500281922
2.5722871391296662
3.189653668226191
2.184865392624257
2.5722871391296662
3.189653668226191
2.5722871391296662
3.372147121027755
3.3629994998010964
3.372147121027755
3.189653668226191
2.5722871391296662
3.093781043969179
3.372147121027755
3.372147121027755
3.3629994998010964
3.189653668226191
3.3629994998010964
3.3629994998010964
3.372147121027755
3.3629994998010964
3.372147121027755
3.093781043969179
3.3629994998010964
3.3629994998010964
3.372147121027755
3.3629994998010964
2.5722871391296662
3.3629994998010964
3.372147121027755
3.3629994998010964
3.189653668226191
3.3629994998010964
3.3629994998010964
3.189653668226191
3.189653668226191
3.189653668226191
3.093781043969179
3.189653668226191
3.189653668226191
3.189653668226191