-73.99186706542969
-8.046821594238281
-3.300281524658203
-93.54753875732422
-42.940940856933594
-9.332201957702637
-44.13783645629883
2.1901254653930664
-44.833255767822266
-29.08415412902832
-15.889492988586426
-25.181976318359375
-48.640541076660156
-21.9251766204834
-35.04563522338867
-13.62208366394043
-59.32489776611328
-33.172447204589844
-45.490325927734375
-71.7423324584961
-40.7583122253418
-40.07078170776367
-44.6089973449707
-38.245609283447266
-12.010847091674805
-35.144813537597656
-35.60181427001953
-32.565185546875
-19.40803337097168
-32.6610107421875
-38.84562683105469
-29.613000869750977
-45.87152862548828
-25.162330627441406
-49.033695220947266
-45.53095626831055
-24.47148323059082
-36.094993591308594
-98.23550415039062
-43.21467971801758
-19.62742042541504
-44.95888900756836
-42.49460983276367
-34.47998046875
-15.614611625671387
-39.984031677246094
-89.53280639648438
-54.62238693237305
-32.556758880615234
-46.657684326171875
-41.72945022583008
-44.09779739379883
-18.590295791625977
-58.86880111694336
-44.603424072265625
-18.15082359313965
-34.494354248046875
-3.223008632659912
-17.474328994750977
-39.082462310791016
-33.47584533691406
-43.82269287109375
-7.589695930480957
-22.396629333496094
-39.85055923461914
-27.295854568481445
-37.828712463378906
-21.424053192138672
-15.186660766601562
-51.23145294189453
-35.09947204589844
-91.04894256591797
-29.38127899169922
-31.87506675720215
-49.01689147949219
-14.08457088470459
-71.8495864868164
-40.26619338989258
-1.3533471822738647
-30.974910736083984
-19.44856071472168
-54.02309036254883
-11.188179016113281
-19.000394821166992
-30.385046005249023
-20.34532928466797
-55.25389862060547
-21.001426696777344
-9.305804252624512
-40.991031646728516
-76.13385009765625
-72.31271362304688
-21.22478675842285
-3.905344247817993
-55.378639221191406
-50.22613525390625
-41.936912536621094
-49.33164596557617
-15.706846237182617
-70.30366516113281
-43.39939498901367
-20.449289321899414
-35.051448822021484
-44.830081939697266
-29.039718627929688
-27.28021812438965
-34.02143096923828
-72.0196533203125
-38.953548431396484
-63.19144821166992
-37.8884162902832
-29.995670318603516
-56.03585433959961
-70.28706359863281
-39.51924514770508
-25.55363655090332
-73.2420425415039
-65.95436096191406
-39.510498046875
-30.882986068725586
-57.7307014465332
-53.271400451660156
-23.875932693481445
-34.064327239990234
-86.15792846679688
-45.86876678466797
-37.5826301574707
-13.953591346740723
-51.8033447265625
-64.38893127441406
-76.56066131591797
-57.18310546875
-17.631166458129883
-73.98894500732422
-55.443782806396484
-70.99964904785156
-55.542747497558594
-28.459775924682617
-71.9407730102539
-92.08155059814453
-68.03194427490234
-87.97187042236328
-35.55731964111328
-90.81951904296875
-84.6910400390625
-62.436927795410156
-94.37213134765625
-31.05879783630371
-97.18536376953125
-25.80348014831543
-89.60577392578125
-45.27329635620117
-83.48355865478516
-81.04163360595703
-63.393619537353516
inf
-80.2287826538086
-17.948204040527344
-29.642011642456055
inf
-33.38072204589844
-86.63137817382812
-49.747535705566406
-50.94703674316406
-28.581640243530273
inf
-42.9270133972168
inf
-32.18783187866211
-35.715110778808594
-82.59669494628906
inf
-31.65171241760254
-61.13395309448242
-68.55912780761719
-45.089595794677734
-37.021915435791016
-87.30304718017578
inf
-15.463497161865234
-31.146596908569336
-87.07659912109375
-76.05233764648438
inf
-67.07266998291016
-9.351614952087402
-77.13471984863281
inf
-64.04216003417969
-35.429786682128906
-26.903993606567383
inf
-36.95620346069336
-44.19624710083008
-90.62104034423828
-48.86540985107422
-37.71731948852539
-41.47553634643555
-84.94482421875
-55.53704833984375
-60.06789016723633
-30.928068161010742
-82.61882781982422
-46.1978645324707
-25.79888343811035
-64.6521224975586
-48.46630096435547
-38.213645935058594
-30.298585891723633
-65.41390228271484
-33.533470153808594
-43.26908874511719
-76.28313446044922
-36.94398880004883
-54.81064987182617
-39.09144592285156
-20.790407180786133
-53.17643356323242
-40.964454650878906
-9.231846809387207
-46.7920036315918
-74.61870574951172
-23.09408950805664
-43.4868278503418
-59.362815856933594
-30.857656478881836
-48.339054107666016
-38.485260009765625
-52.842567443847656
-42.01654052734375
-51.1751708984375
-66.0374755859375
-58.24832534790039
-44.804569244384766
-17.481231689453125
-10.560714721679688
-21.214557647705078
-96.29328918457031
-93.8030014038086
-96.30445098876953
-55.73192596435547
-55.11774826049805
-23.067920684814453
-41.956382751464844
-26.081384658813477
-77.13130950927734
-32.87284851074219
-71.78819274902344
-82.80623626708984
-51.94883346557617
-47.439144134521484
-75.25416564941406
-31.27227020263672
-20.613134384155273
-13.149519920349121
-2.9445736408233643
-45.897552490234375
-59.088497161865234
-52.11968231201172
-47.2025146484375
-61.724613189697266
-28.842273712158203
-51.39276123046875
-65.85255432128906
-50.85088348388672
-33.29303741455078
-56.0713996887207
-5.260097980499268
-21.621458053588867
-17.873207092285156
-3.042340040206909
-49.28497314453125
-40.90659713745117
-23.85007095336914
-46.029083251953125
-55.706912994384766
-64.30753326416016
-38.804927825927734
-39.457496643066406
-64.03121185302734
-77.93785858154297
-37.40599060058594
-62.72053527832031
-43.861053466796875
-48.38867950439453
-8.094343185424805
-73.85328674316406
-88.63163757324219
inf
inf
-40.007686614990234
-97.24344635009766
inf
inf
-64.59259033203125
inf
inf
-84.01061248779297
-18.8986873626709
-43.36729431152344
1.6076428890228271
-92.56402587890625
inf
inf
inf
-92.75656127929688
-62.03837585449219
-14.31352424621582
2.877934455871582
-0.9802314639091492
-0.8272761702537537
-62.20768356323242
-2.454883337020874
-29.479597091674805
-62.29080581665039
-17.6980037689209
-51.691795349121094
-53.9354133605957
3.026986837387085
3.4951632022857666
-74.37432861328125
-0.661339521408081
2.6779322624206543
-20.436767578125
inf
-28.419904708862305
inf
-0.3365747630596161
2.8380749225616455
inf
-53.26630783081055
-76.8631591796875
-85.08209991455078
-14.79708194732666
0.011073797941207886
-10.058650970458984
inf
-2.3322317600250244
-47.29764938354492
-52.67182159423828
inf
0.15887872874736786
-22.03583526611328
-15.442397117614746
inf
inf
inf
inf
inf
-77.52938842773438
-22.029090881347656
1.411167860031128
-24.91176986694336
inf
inf
-61.550289154052734
inf
inf
-78.17832946777344
inf
-4.100641250610352
-27.52345848083496
-45.91006851196289
inf
inf
inf
-10.72397518157959
-6.9127302169799805
-9.15894889831543
-46.36288833618164
inf
inf
-72.4600601196289
3.040963649749756
-18.291770935058594
-65.22224426269531
inf
-82.09384155273438
-11.869758605957031
-3.781742811203003
-12.857056617736816
-53.380088806152344
inf
inf
-87.0867691040039
-1.4815888404846191
-15.56124496459961
inf
inf
-96.23839569091797
-10.927337646484375
-0.18579953908920288
-31.88030242919922
-40.495758056640625
inf
-94.4431381225586
inf
inf
inf
-98.32310485839844
-17.821874618530273
inf
-39.567134857177734
inf
-84.35167694091797
inf
inf
-10.762072563171387
-23.44294548034668
inf
-66.62968444824219
inf
-14.644421577453613
-13.802872657775879
inf
-74.23036193847656
-59.93693161010742
-15.597079277038574
-11.986188888549805
-36.372337341308594
-69.69210815429688
-3.0803112983703613
-34.1146125793457
-36.92758560180664
-12.4760103225708
-10.902929306030273
-60.53020095825195
-25.77817726135254
-7.101158618927002
-54.23666763305664
-39.34611511230469
-13.324453353881836
-58.31678771972656
inf
-6.457333564758301
-69.6169662475586
-13.751750946044922
-19.50240135192871
-42.698326110839844
-10.032212257385254
-69.1335220336914
-17.40780258178711
-64.49684143066406
3.0236258506774902
-64.15765380859375
-66.89291381835938
-49.85023880004883
-5.412077903747559
-32.45124816894531
-60.45964431762695
-75.54529571533203
2.659346580505371
-52.75759506225586
-47.286224365234375
-37.991790771484375
3.580897331237793
-43.51741409301758
-63.36176300048828
-40.216190338134766
-36.99909973144531
-0.303266316652298
-36.75057601928711
-60.55963897705078
-48.56669998168945
-0.34656602144241333
-57.9714469909668
-80.8721694946289
-91.4069595336914
-18.306900024414062
-52.98619842529297
-19.173452377319336
-98.08597564697266
-54.297271728515625
-71.24971771240234
-55.30668258666992
-100.6398696899414
-56.539283752441406
-76.71519470214844
-32.782569885253906
inf
-68.33438110351562
-25.262678146362305
-2.0911731719970703
-5.408897399902344
-53.118438720703125
-60.3923225402832
-4.677852630615234
inf
inf
-48.13873291015625
-51.29685592651367
inf
-0.3481483459472656
2.270094394683838
-78.53716278076172
1.2917757034301758
inf
-17.7108211517334
-5.351634502410889
-68.5605697631836
-14.555315971374512
inf
-64.66040802001953
-57.72727584838867
inf
-7.204340934753418
3.1046695709228516
-95.79175567626953
3.4734866619110107
inf
-14.76872444152832
-12.670312881469727
-75.43501281738281
-25.31930160522461
inf
-29.303955078125
-46.65153884887695
inf
1.9846999645233154
1.321104884147644
-16.363046646118164
0.3904757797718048
3.042093276977539
-85.55453491210938
-36.43375015258789
-61.06741714477539
-43.70292282104492
-19.913984298706055
-10.518985748291016
-56.43606948852539
3.567507266998291
0.5092977285385132
-88.4917221069336
-41.34117126464844
-48.806922912597656
-44.78360366821289
-10.493847846984863
3.1972689628601074
-37.403343200683594
3.5258421897888184
2.771683931350708
-88.32868194580078
-61.425453186035156
-19.239343643188477
-62.17368698120117
-18.177549362182617
-5.973870277404785
-57.77679443359375
-0.5112777948379517
1.0019502639770508
-73.93746948242188
-65.46498107910156
-46.136531829833984
-59.17856979370117
-6.198800563812256
1.5056692361831665
-46.155311584472656
-3.0157599449157715
-59.97215270996094
-90.5455322265625
-50.903228759765625
-68.92407989501953
-68.02653503417969
inf
-53.038848876953125
-59.19523620605469
-33.540130615234375
-60.54767608642578
-3.7524220943450928
0.2506503164768219
-47.229156494140625
-1.7241528034210205
inf
-31.54553985595703
-58.11515426635742
-12.950178146362305
-57.798274993896484
-4.32433557510376
-3.6777493953704834
-49.597408294677734
2.199186325073242
inf
-45.85060119628906
-61.873146057128906
-39.03266906738281
inf
-5.640713214874268
-2.282714605331421
-53.6956787109375
-1.4309824705123901
-17.310178756713867
-67.00173950195312
-14.633123397827148
inf
-12.43193244934082
-67.46586608886719
2.9475772380828857
-59.19984817504883
-63.80685043334961
-51.43513870239258
-4.365563869476318
-61.08835983276367
-6.187580108642578
-23.42495346069336
-48.02468490600586
-39.99303436279297
-15.604389190673828
-65.13282012939453
-5.0916852951049805
-23.460002899169922
-38.05850601196289
-65.82574462890625
-4.424491882324219
-64.56803894042969
-4.402885437011719
-29.71910285949707
-59.77593994140625
-54.65508270263672
-1.2747621536254883
-38.111572265625
-2.3663885593414307
-52.14234924316406
-27.078384399414062
-38.710079193115234
inf
-27.179105758666992
inf
-70.88054656982422
-45.926673889160156
-39.60729217529297
-53.51789855957031
-19.817968368530273
-95.7012939453125
-54.101295471191406
-80.7435073852539
-54.58401870727539
-88.11983489990234
-49.15055465698242
-19.89129638671875
inf
-68.01124572753906
-67.33741760253906
-38.31643295288086
-18.859342575073242
-60.809425354003906
-21.34933853149414
-52.04511642456055
-62.87900161743164
-8.065939903259277
-37.04012680053711
-34.93510055541992
-28.03963851928711
-47.39155960083008
-26.494905471801758
-41.26723098754883
-91.67194366455078
-37.664794921875
-45.73215866088867
-87.9258804321289
-35.745506286621094
-48.23405838012695
-94.48866271972656
-82.60208129882812
-48.05544662475586
-67.89391326904297
-40.91995620727539
-21.3123836517334
-58.06462478637695
-1.318651556968689
-30.263391494750977
-61.40224075317383
-0.23520900309085846
-17.15361785888672
-26.59459686279297
-99.30863952636719
-36.22091293334961
-69.80879211425781
-69.55271911621094
-85.36924743652344
-70.90206146240234
-34.17275619506836
-81.99747467041016
-30.317596435546875
-58.820865631103516
-66.82391357421875
-59.761192321777344
-49.39563751220703
-34.95061492919922
-31.191743850708008
-71.8148193359375
-56.49386978149414
-54.24352264404297
-58.22536087036133
-84.97574615478516
-22.50665283203125
-40.196533203125
inf
-12.88540267944336
-55.96923828125
-41.02431106567383
-14.878540992736816
inf
-25.660390853881836
-50.37618637084961
inf
-44.87647247314453
-78.77005767822266
-84.3432388305664
-32.96245574951172
-79.43145751953125
-45.41145706176758
-42.70655822753906
-40.772953033447266
inf
-17.602943420410156
-84.19038391113281
-78.48841094970703
-12.836323738098145
-87.01963806152344
-31.783756256103516
-21.784652709960938
-86.95897674560547
-23.76121711730957
-37.791259765625
-47.3984375
-80.87214660644531
-15.426856994628906
-51.67703628540039
-78.92378234863281
-14.562055587768555
-64.5322494506836
-61.746734619140625
-1.5929110050201416
-71.2012939453125
-39.353904724121094
-41.94679641723633
-1.1802130937576294
-77.98279571533203
-22.77845573425293
-12.318429946899414
-72.64682006835938
-25.459794998168945
-33.641014099121094
-35.16252517700195
-29.603689193725586
-15.8651123046875
-47.469730377197266
-2.8412294387817383
-43.58943176269531
-64.98110961914062
-65.73436737060547
inf
-36.31214904785156
-50.6953239440918
-66.24755859375
-37.93050765991211
-34.182762145996094
-74.2391128540039
-34.504554748535156
-26.2547607421875
-79.8743896484375
-30.52149772644043
-31.041847229003906
-71.90151977539062
-26.346803665161133
-65.80525970458984
-60.91670227050781
-50.43735122680664
-65.8406753540039
-45.24396514892578
-64.00756072998047
-4.988553524017334
-80.41755676269531
-60.6523551940918
-15.336824417114258
-16.229368209838867
-85.54519653320312
-49.752132415771484
-35.8282585144043
-85.72901153564453
-36.61418914794922
-50.653133392333984
-72.95571899414062
-49.85467529296875
-56.33749771118164
-78.84842681884766
-16.29096794128418
-53.60890579223633
-80.00650787353516
-81.5055923461914
-55.4107780456543
-40.506229400634766
-71.52106475830078
-73.66044616699219
-70.96063995361328
-51.279075622558594
-73.1136474609375
-44.06730651855469
-21.3444766998291
-48.211509704589844
-16.996076583862305
-19.236486434936523
-4.378603458404541
-52.93610382080078
-20.414045333862305
-49.46794509887695
-1.14401376247406
-29.335514068603516
-78.5605697631836
-97.55534362792969
-95.25308990478516
-60.150543212890625
-62.36817932128906
-42.731082916259766
-21.270952224731445
-16.304471969604492
-58.26121139526367
-91.76728820800781
inf
-70.1800537109375
-63.09786605834961
-40.069149017333984
-83.29840087890625
-94.01315307617188
-17.532670974731445
-68.54236602783203
-71.42896270751953
-40.28802490234375
-5.860448360443115
-32.47725296020508
-11.316096305847168
-92.13917541503906
-95.62971496582031
-15.231945991516113
-37.85580825805664
-61.36896514892578
-46.95677185058594
-19.31425666809082
-84.81065368652344
-61.260520935058594
-25.90384864807129
-70.56250762939453
-49.322364807128906
-46.988304138183594
-70.61495971679688
-38.47621536254883
-16.296241760253906
-51.057193756103516
-45.13489532470703
-44.27497482299805
-33.440345764160156
-29.98070526123047
-81.70326232910156
-36.655296325683594
1.994396448135376
-15.988250732421875
-36.500308990478516
-43.69293975830078
-20.767053604125977
-24.37383270263672
-30.956968307495117
-24.154325485229492
-60.90662384033203
-20.057756423950195
-28.649370193481445
-26.177209854125977
-46.3686637878418
-21.842802047729492
-26.584253311157227
-41.56422424316406
-16.257226943969727
-31.337095260620117
-32.36842727661133
-29.632556915283203
-33.62495040893555
-57.49353790283203
-3.3326101303100586
-8.860507011413574
-48.35122299194336
-39.04539108276367
-35.00823211669922
-43.92259979248047
-3.501621723175049
-33.456729888916016
-55.35708999633789
-58.94499969482422
0.8837289214134216
-31.900924682617188
1.9032615423202515
3.5272703170776367
0.2155045121908188
2.372072458267212
3.5918490886688232
2.5587804317474365
-1.0117422342300415
3.4827182292938232
0.4810643196105957
2.8937151432037354
-5.147892475128174
2.6702589988708496
0.4946659207344055
3.5189871788024902
-18.90373420715332
3.0509684085845947
-5.688146591186523
3.208360195159912
-21.859088897705078
3.5568857192993164
3.5736987590789795
3.2975175380706787
-21.09297752380371
3.564178228378296
3.364502191543579
2.9246058464050293
-16.9399356842041
3.5153586864471436
3.5367515087127686
-17.907285690307617
-23.549964904785156
0.49064451456069946
-8.926775932312012
-38.97355270385742
-65.50626373291016
-70.5004653930664
3.5205607414245605
3.5754592418670654
-18.04018211364746
0.8163936138153076
3.564905881881714
2.1711831092834473
-29.37761116027832
3.177281618118286
-0.45814067125320435
3.5287458896636963
-33.58026885986328
3.3197011947631836
1.460052251815796
2.7436187267303467
-20.01325798034668
3.540512800216675
3.540073871612549
-1.7211238145828247
0.8692319989204407
3.458770751953125
0.1829502284526825
-5.253625869750977
2.7125465869903564
3.574798345565796
3.5064120292663574
-6.4262566566467285
3.1949307918548584
2.0876615047454834
3.1321589946746826
-2.6090002059936523
2.4326553344726562
-2.5514419078826904
-8.044683456420898
1.8352818489074707
-4.171746253967285
-0.48177239298820496
-6.583126068115234
-34.009281158447266
-4.069761753082275
-7.566277503967285
-59.37012481689453
-91.82032012939453
-75.09922790527344
0.15390436351299286
-7.111517429351807
1.752267599105835
-5.848489761352539
3.120575428009033
1.699157953262329
2.933103322982788
-6.111695766448975
2.9496402740478516
-6.6206440925598145
2.914005994796753
-6.500027656555176
0.29102230072021484
2.848055362701416
-0.25936561822891235
-8.908605575561523
1.1941477060317993
3.5344314575195312
-0.23781843483448029
-26.7132625579834
-0.5500478148460388
-3.6756691932678223
2.6697041988372803
-44.480960845947266
-36.4025764465332
2.154438018798828
-4.504117965698242
-31.951868057250977
-92.02713775634766
-70.01271057128906
-67.44790649414062
-0.9576976299285889
-4.653558254241943
-17.298154830932617
-94.6148681640625
-35.26866149902344
-74.18424987792969
3.3384783267974854
-20.983150482177734
-16.406166076660156
-68.17350006103516
-8.10619068145752
-66.22655487060547
-35.60776138305664
-65.91304016113281
-11.38741683959961
-0.8338103890419006
-27.582048416137695
-79.8421630859375
-0.7700546383857727
-14.502906799316406
-44.466392517089844
-66.8296127319336
-25.595046997070312
-75.7965087890625
-79.47765350341797
2.5420937538146973
-19.583269119262695
-33.50715255737305
-69.4425277709961
-45.02227783203125
-66.13810729980469
0.23643459379673004
-33.396541595458984
-29.368392944335938
-25.08664894104004
-63.83635330200195
-8.376405715942383
-40.30331802368164
-12.005717277526855
-23.423564910888672
-35.64632797241211
-62.84589385986328
-20.276155471801758
-41.97996520996094
-8.847396850585938
-17.426847457885742
-19.16762924194336
-8.42000961303711
-41.96026611328125
-25.51910400390625
-43.014427185058594
-35.00303268432617
-0.6043816804885864
-47.759315490722656
-37.99952697753906
-25.898279190063477
-55.545406341552734
-35.507301330566406
-54.40592575073242
-23.211294174194336
-72.3844223022461
0.5007877945899963
-42.70520782470703
-38.278839111328125
-85.0233154296875
-0.46607735753059387
-48.389408111572266
-56.19687271118164
-30.357955932617188
-44.192115783691406
-70.16333770751953
-21.306303024291992
-97.5987548828125
-11.615720748901367
-47.724456787109375
-56.774871826171875
inf
1.9270035028457642
-41.94792556762695
-35.18990707397461
-99.98309326171875
0.6412477493286133
-35.959842681884766
-36.27833557128906
-85.30518341064453
-66.96784210205078
-17.386762619018555
-31.19072151184082
-40.404850006103516
-70.7483139038086
-1.885469913482666
-37.60100173950195
-40.57393264770508
-68.5931167602539
-5.448782920837402
-38.568260192871094
-21.16082191467285
-56.24871826171875
-14.05461597442627
-33.529090881347656
-39.804779052734375
-15.024737358093262
-33.18647003173828
-32.362335205078125
-39.972843170166016
-27.2742919921875
-21.899063110351562
-58.62425231933594
-49.34247589111328
-59.1057014465332
-15.827207565307617
-29.30988121032715
-52.67228698730469
-17.953643798828125
-51.04897689819336
-48.162593841552734
-27.031766891479492
-75.83494567871094
-59.99079132080078
-19.683591842651367
-88.12993621826172
-52.00508117675781
-9.56107234954834
-91.5611801147461
-44.07778549194336
-30.869857788085938
-79.1961441040039
-42.83295822143555
-28.847501754760742
-78.50840759277344
-38.78983688354492
-45.425472259521484
-60.085533142089844
-37.83387756347656
-42.0623893737793
-30.40863800048828
-63.119625091552734
-41.97153091430664
-36.16025161743164
-51.47164535522461
-51.517974853515625
-26.027048110961914
-32.629634857177734
-28.706300735473633
-39.17145919799805
-63.09941864013672
-56.31315994262695
-50.958885192871094
-31.646900177001953
-49.78068161010742
-43.24101257324219
-48.30876922607422
-30.16311264038086
-28.314374923706055
-39.52479934692383
-50.33631134033203
-68.2686538696289
-71.60490417480469
-56.264503479003906
-41.67607879638672
-29.237533569335938
-39.34407424926758
-49.32905578613281
-39.364315032958984
-47.50370407104492
-63.48463439941406
-21.028474807739258
-72.05471801757812
-61.13680648803711
-53.1872444152832