-32.86477279663086
-2.719926118850708
-0.3180152475833893
-41.20000076293945
-19.178485870361328
-3.360184907913208
-19.71881675720215
2.5554778575897217
-20.03221893310547
-12.82666301727295
-6.572344779968262
-11.001249313354492
-21.741121292114258
-9.463107109069824
-15.58243465423584
-5.471009254455566
-26.47953224182129
-14.720547676086426
-20.32797622680664
-31.893529891967773
-18.190000534057617
-17.877765655517578
-19.931196212768555
-17.046812057495117
-4.68260383605957
-15.627967834472656
-15.837661743164062
-14.4403715133667
-8.264275550842285
-14.48460578918457
-17.32032012939453
-13.07267951965332
-20.499385833740234
-10.992011070251465
-21.916942596435547
-20.34625244140625
-10.666877746582031
-16.063724517822266
-43.174678802490234
-19.302169799804688
-8.36912727355957
-20.088790893554688
-18.976680755615234
-15.322537422180176
-6.439312934875488
-17.838336944580078
-39.503639221191406
-24.40389633178711
-14.436482429504395
-20.852554321289062
-18.630327224731445
-19.700759887695312
-7.872801780700684
-26.27885627746582
-19.928688049316406
-7.661990642547607
-15.329148292541504
-0.27835536003112793
-7.336886405944824
-17.428186416625977
-14.860393524169922
-19.5766658782959
-2.4912679195404053
-9.686641693115234
-17.777658462524414
-11.992366790771484
-16.856584548950195
-9.2251615524292
-6.231935501098633
-22.897666931152344
-15.60715103149414
-40.145103454589844
-12.964920997619629
-14.121493339538574
-21.909439086914062
-5.696398735046387
-31.93990135192871
-17.966550827026367
0.6875666379928589
-13.704801559448242
-8.283653259277344
-24.13829231262207
-4.278077602386475
-8.069255828857422
-13.43127155303955
-8.711750984191895
-24.68351173400879
-9.024212837219238
-3.347074508666992
-18.295589447021484
-33.78706359863281
-32.14006805419922
-9.130444526672363
-0.627880871295929
-24.73870849609375
-22.449508666992188
-18.72428321838379
-22.050121307373047
-6.48396635055542
-31.270906448364258
-19.385597229003906
-8.761301040649414
-15.585102081298828
-20.030784606933594
-12.805975914001465
-11.985055923461914
-15.111621856689453
-32.013404846191406
-17.369478225708008
-28.175355911254883
-16.883832931518555
-13.250502586364746
-25.029361724853516
-31.263721466064453
-17.626981735229492
-11.17590618133545
-32.541351318359375
-29.381452560424805
-17.623003005981445
-13.662200927734375
-25.77753257751465
-23.804784774780273
-10.386099815368652
-15.131357192993164
-38.07195281982422
-20.498149871826172
-16.744218826293945
-5.632606506347656
-23.15227508544922
-28.698659896850586
-33.97053909301758
-25.5360164642334
-7.412323474884033
-32.863521575927734
-24.767536163330078
-31.5722599029541
-24.811317443847656
-12.535791397094727
-31.979310989379883
-40.58143615722656
-30.285381317138672
-38.84211730957031
-15.81725025177002
-40.048091888427734
-37.44800567626953
-27.845172882080078
-41.54774475097656
-13.743669509887695
-42.73183822631836
-11.293217658996582
-39.53453826904297
-20.230323791503906
-36.933624267578125
-35.89120101928711
-28.263776779174805
-52.318504333496094
-35.54355239868164
-7.564692497253418
-13.086169242858887
-48.78564453125
-14.816558837890625
-38.27311706542969
-22.23589324951172
-22.77095603942871
-12.592599868774414
-47.410465240478516
-19.17218589782715
-51.869346618652344
-14.266071319580078
-15.88961410522461
-36.55537033081055
-47.796531677246094
-14.018180847167969
-27.274150848388672
-30.514354705810547
-20.147640228271484
-16.487977981567383
-38.558326721191406
-50.55781936645508
-6.366119384765625
-13.784345626831055
-38.46220016479492
-33.75200653076172
-61.72927474975586
-29.868335723876953
-3.369826316833496
-34.21717834472656
-51.94183349609375
-28.547212600708008
-15.758749961853027
-11.809048652648926
-50.881431579589844
-16.45793342590332
-19.745155334472656
-39.96416473388672
-21.84170913696289
-16.80573081970215
-18.51527976989746
-37.5560302734375
-24.808794021606445
-26.806142807006836
-13.683093070983887
-36.564823150634766
-20.64605140686035
-11.29106330871582
-28.81355857849121
-21.66316795349121
-17.03223991394043
-38.98561477661133
-13.391146659851074
-29.145883560180664
-14.886938095092773
-19.32674789428711
-38.28536605834961
-33.851253509521484
-16.45234489440918
-24.48728370666504
-45.65522384643555
-40.329437255859375
-17.43227767944336
-8.923783302307129
-23.762611389160156
-33.67447280883789
-29.367141723632812
-11.141749382019043
-18.283538818359375
-3.310335874557495
-20.9128360748291
-13.325470924377441
-20.077138900756836
-19.95391845703125
-33.13494110107422
-10.0167875289917
-19.425071716308594
-34.19181823730469
-0.7858579158782959
-10.151419639587402
-26.496213912963867
-13.650458335876465
-21.60621452331543
-0.07798691838979721
1.3803707361221313
-17.15609359741211
-23.614336013793945
-7.525121212005615
1.4783711433410645
-18.760339736938477
-22.872600555419922
-9.471445083618164
-9.879144668579102
-29.417659759521484
-26.00566291809082
-20.01929473876953
-7.340204238891602
-3.968592882156372
-9.125582695007324
-42.3558349609375
-41.307708740234375
-42.36280059814453
-24.894990921020508
-24.623252868652344
-10.004410743713379
-18.73309898376465
-11.423616409301758
-34.2157096862793
-14.582371711730957
-31.913358688354492
-36.64478302001953
-23.217012405395508
-21.203107833862305
-33.40859603881836
-13.842544555664062
-8.839367866516113
-5.240291595458984
-0.13528680801391602
-20.511093139648438
-26.37554359436035
-23.293004989624023
-21.097009658813477
-27.533132553100586
-12.714034080505371
-22.969499588012695
-29.337095260620117
-22.728099822998047
-14.776147842407227
-25.04507827758789
-1.317534327507019
-9.31893539428711
-7.528665542602539
-0.18555203080177307
-22.029258728027344
-0.3569968640804291
-18.25728416442871
-10.373892784118652
-20.570213317871094
-24.883922576904297
-28.66312026977539
-17.301780700683594
-17.59889030456543
-28.542438507080078
-34.56193542480469
-16.663532257080078
-27.969318389892578
-19.593971252441406
-21.628427505493164
-2.7436652183532715
-32.805015563964844
-39.12185287475586
-26.00719451904297
-50.583866119384766
-8.793732643127441
-30.368610382080078
-48.12018966674805
-17.849088668823242
-31.488853454589844
-42.75588607788086
-27.442279815673828
-53.003578186035156
-42.61256790161133
-54.793704986572266
-28.787582397460938
-42.44404983520508
-44.570472717285156
-41.33054733276367
-45.166908264160156
-40.72296905517578
-37.158233642578125
-8.020559310913086
-19.371097564697266
2.245114803314209
-44.83278274536133
-40.78513717651367
-41.19175338745117
-75.47434997558594
-49.65221405029297
-37.04534912109375
-74.49751281738281
-51.90651321411133
-28.191301345825195
-78.35338592529297
-50.526065826416016
-15.278510093688965
-80.9719009399414
-40.866371154785156
-9.85537052154541
-81.5252914428711
-27.67061996459961
-6.985421180725098
-83.42735290527344
-5.807835578918457
1.8388712406158447
2.922050952911377
-3.6108999252319336
0.8818743824958801
1.618301272392273
0.9616864323616028
-27.74477767944336
0.11697526276111603
-13.010650634765625
-27.781190872192383
-7.444458961486816
-23.102630615234375
-24.099409103393555
3.001002550125122
2.843388557434082
3.187469959259033
-33.02962875366211
1.0483770370483398
2.815659284591675
-8.75533390045166
-80.97126007080078
-12.517202377319336
-82.79218292236328
1.2183656692504883
2.90087890625
-81.86429595947266
-23.802526473999023
-34.10053253173828
-37.614437103271484
-6.042875289916992
1.4008111953735352
-3.720353126525879
-81.19120788574219
0.1802891045808792
-21.13967514038086
-23.53847885131836
-76.39363861083984
1.478530764579773
-9.515604019165039
-6.355898857116699
-85.89851379394531
-74.8655776977539
-81.42988586425781
-79.3282699584961
-72.18218994140625
-34.38663101196289
-9.512402534484863
2.1406636238098145
-10.874163627624512
-85.89945220947266
-80.07197570800781
-27.456716537475586
-79.63142395019531
-66.71650695800781
-76.06394958496094
-34.665096282958984
-84.3865737915039
-0.7276452779769897
-12.098760604858398
-20.516714096069336
-82.78350830078125
-78.3499755859375
-44.94569778442383
-4.049198627471924
-2.1516776084899902
-3.274111747741699
-20.720176696777344
-82.18441009521484
-75.20983123779297
-78.554443359375
-83.76481628417969
-38.399600982666016
-32.203712463378906
3.008382558822632
-7.729633808135986
-29.06231689453125
-82.47969055175781
-36.34073257446289
-4.613324165344238
-0.5646770596504211
-5.097292900085449
-23.853036880493164
-83.9245834350586
-80.90161895751953
-79.96686553955078
-38.33167266845703
-38.466514587402344
0.6209061145782471
-6.413466930389404
-73.42193603515625
-83.9059829711914
-42.33191680908203
-4.149524688720703
1.2974315881729126
-14.12391185760498
-18.070812225341797
-84.03964233398438
-82.78359985351562
-32.97775650024414
-41.57779312133789
-80.02776336669922
-80.43280029296875
-82.12384796142578
-43.19769287109375
-7.503998279571533
-79.2733383178711
-17.648767471313477
-71.88284301757812
-31.869028091430664
-37.30351257324219
-84.48748016357422
-44.90695571899414
-4.067999362945557
-10.181673049926758
-79.30154418945312
-33.38964080810547
-29.67555809020996
-44.64033508300781
-5.96872091293335
-5.559161186218262
-83.89713287353516
-18.572391510009766
-32.96759033203125
-26.748598098754883
-6.430821895599365
-4.670500755310059
-16.19075584411621
-31.005895614624023
-0.20506665110588074
-79.90118408203125
-15.154499053955078
-16.44484519958496
-4.9107346534729
-4.137486457824707
-27.009183883666992
-11.281342506408691
-2.2463183403015137
-24.23297691345215
-17.548206329345703
-5.325747489929199
-26.03581428527832
-85.6589126586914
-1.9225658178329468
-30.97330665588379
-5.534239768981934
-8.30938720703125
-19.068809509277344
-3.7072677612304688
-30.76363182067871
-7.304875373840332
-28.745773315429688
2.999227285385132
-28.59765625
-29.790117263793945
-22.28173828125
-1.394562840461731
-70.36141204833984
-44.70156478881836
-23.173233032226562
-12.256134033203125
-31.321033477783203
-14.387758255004883
-35.94185256958008
-15.166681289672852
-12.454631805419922
-42.22922897338867
-16.135812759399414
-26.978206634521484
-33.53388595581055
2.5891659259796143
-23.576587677001953
-21.134550094604492
-16.93101692199707
3.258013963699341
-46.937992095947266
-13.964822769165039
-50.19346237182617
-52.57101058959961
-15.600446701049805
-47.949642181396484
-8.126984596252441
-21.989980697631836
-31.567001342773438
-19.43888282775879
-21.31315040588379
-27.856002807617188
-28.249841690063477
-17.943836212158203
-16.4775447845459
1.2358248233795166
-16.363872528076172
-27.02211570739746
-21.70808982849121
1.2131297588348389
-40.38801956176758
-29.48851203918457
-29.751211166381836
-25.8836612701416
-14.079047203063965
-1.1855658292770386
-34.1683464050293
-8.104418754577637
-37.682071685791016
-6.506962776184082
-35.81874084472656
-60.06147766113281
-32.56391906738281
-32.08739471435547
-42.72916030883789
-40.29643630981445
-29.246774673461914
-2.3436849117279053
-19.27714729309082
-7.736893177032471
-23.67813491821289
-8.152079582214355
-43.09615707397461
-24.259836196899414
-1.2167108058929443
-13.396988868713379
-25.932682037353516
-31.680471420288086
-12.967741966247559
-23.9967041015625
-19.231801986694336
-21.73977279663086
-10.860955238342285
-24.70686912536621
-7.6124186515808105
-22.734941482543945
-12.250621795654297
-25.405502319335938
-11.518964767456055
-44.18587112426758
-8.583352088928223
-42.62801742553711
-4.842823505401611
-23.28209114074707
-9.822213172912598
-25.251794815063477
-34.036949157714844
-14.540714263916016
-46.093711853027344
-30.416749954223633
-11.039186477661133
-15.315217018127441
-13.683891296386719
-14.23357105255127
-16.746076583862305
-15.973557472229004
0.3048834502696991
-1.3929513692855835
-23.736867904663086
-26.948640823364258
-1.021813988685608
-70.33642578125
-85.6058349609375
-21.516538619995117
-22.926795959472656
-77.52613830566406
1.2123010158538818
2.598141670227051
-34.8189811706543
2.0772616863250732
-72.62433624267578
-7.450621604919434
-1.3639360666275024
-30.51497459411621
-5.925412178039551
-78.18997192382812
-28.817184448242188
-25.776020050048828
-82.48187255859375
-2.2981035709381104
3.0419507026672363
-42.1458740234375
3.1710755825042725
-73.98368835449219
-6.029104709625244
-5.005897045135498
-33.48643112182617
-11.065801620483398
-82.8991470336914
-12.928949356079102
-20.849788665771484
-86.12203979492188
2.4459240436553955
2.09283185005188
-6.801229476928711
1.6004939079284668
-7.512704372406006
-0.7193663120269775
3.008978843688965
-37.81541442871094
-16.2188720703125
-27.244956970214844
-19.522619247436523
-8.505985260009766
-3.9479820728302
-25.206205368041992
3.2718474864959717
-4.781579494476318
2.520162582397461
1.66315495967865
-30.53952407836914
-39.06254959106445
-18.454376220703125
-21.81554412841797
-20.009857177734375
-3.9355618953704834
3.090480089187622
-16.662317276000977
3.254967212677002
-8.255790710449219
0.32984551787376404
2.865574836730957
-5.863174915313721
-10.349475860595703
-38.99343490600586
-27.401981353759766
-8.183603286743164
-27.72989273071289
-7.674819469451904
-1.6787238121032715
-25.7978572845459
1.1268693208694458
-8.442973136901855
-1.2137123346328735
1.9235860109329224
-10.94271469116211
-70.59671020507812
-32.8413200378418
-29.168163299560547
-20.61849021911621
-26.4151668548584
-1.7922481298446655
2.1908862590789795
-20.626930236816406
-0.17189016938209534
-26.764070510864258
-39.932228088378906
-22.751428604125977
-30.672761917114258
-30.28302574157715
-0.1457485854625702
-83.30955505371094
-73.54911804199219
-0.7181369066238403
-79.07740020751953
-23.701519012451172
-26.422496795654297
-14.890007019042969
-27.016862869262695
-0.5496776700019836
1.5268323421478271
-21.108957290649414
0.494990736246109
-0.484826922416687
-81.15767669677734
-10.180691719055176
-84.04800415039062
-13.969051361083984
-25.94698143005371
-5.142843723297119
-25.80732536315918
-0.8417710661888123
-0.5114628672599792
-22.16884994506836
2.5603113174438477
1.683071494102478
-85.8099136352539
-77.60225677490234
-20.4899845123291
-27.598217010498047
-17.405513763427734
-85.808837890625
-1.510315179824829
0.20586591958999634
-23.993074417114258
0.6472033858299255
1.8903732299804688
-86.0210952758789
-7.2578887939453125
-29.837472915649414
-5.963230133056641
-82.9849853515625
-4.889133453369141
-30.039335250854492
2.9589898586273193
2.2302677631378174
-26.424524307250977
-28.444408416748047
-22.988380432128906
-0.8627861738204956
-27.25414276123047
-1.786589503288269
-0.4238588213920593
-10.173173904418945
-21.465473175048828
-17.842432022094727
-6.434362411499023
-29.02330207824707
-1.2321010828018188
0.7285230755805969
-10.189733505249023
-16.961454391479492
-29.32541847229004
-0.8928173780441284
-28.77685546875
-0.8818079233169556
-2.1424031257629395
-13.122002601623535
-26.677841186523438
-24.41838264465332
0.7284467816352844
-16.985668182373047
0.1626519113779068
3.2488327026367188
-23.30308723449707
-11.890649795532227
-17.258562088012695
-83.31917572021484
-11.93776798248291
-83.44800567626953
-1.9889211654663086
-31.520708084106445
-20.52417755126953
-17.667037963867188
-23.9141902923584
-8.460142135620117
-42.10682678222656
-24.172958374023438
-35.76372528076172
-24.386905670166016
-6.917090892791748
-6.778240203857422
-38.904876708984375
-21.969186782836914
-8.495152473449707
-80.03228759765625
1.8596642017364502
-6.0757832527160645
-30.27638816833496
-29.983484268188477
-17.079116821289062
0.4106968343257904
-8.001715660095215
-27.131744384765625
-9.189654350280762
3.215418815612793
-23.259841918945312
-28.038667678833008
-2.7294774055480957
-1.2161610126495361
-16.496309280395508
-15.531670570373535
-12.339816093444824
-2.7878386974334717
-21.181779861450195
-11.617476463317871
-18.420852661132812
2.689969539642334
-40.40840530395508
-16.78174591064453
-20.43673324584961
0.1668243259191513
-38.82261657714844
-15.903550148010254
-21.559219360351562
-41.59629440307617
-36.55767059326172
-21.479246139526367
-30.22539520263672
-18.263349533081055
-9.172089576721191
-25.924720764160156
0.7056122422218323
-13.374809265136719
-27.391817092895508
1.271511197090149
-7.182504653930664
-11.664177894592285
-43.67869567871094
-16.121408462524414
-31.056467056274414
-30.94546890258789
-37.736610412597656
-31.530025482177734
-15.181252479553223
-36.29957962036133
-13.399971008300781
-26.25776481628418
-29.760095596313477
-26.671371459960938
-22.078710556030273
-15.538799285888672
-13.805252075195312
-31.924875259399414
-0.16908259689807892
-25.23172950744629
-24.236011505126953
-25.99553871154785
-37.569190979003906
-9.73876667022705
-17.934904098510742
-44.76908874511719
-5.111159801483154
-24.999916076660156
-18.310686111450195
-6.082432746887207
-49.12957000732422
-11.226041793823242
-22.516448974609375
-51.60043716430664
-20.05168342590332
-34.918827056884766
-37.299922943115234
-14.623710632324219
-35.20222473144531
-20.29248809814453
-30.69428825378418
-19.072532653808594
-18.196643829345703
-49.37253189086914
-7.398747444152832
-37.23480224609375
-34.798072814941406
-5.0871500968933105
-38.438011169433594
-5.267580986022949
-14.079264640808105
-9.396415710449219
-38.41223907470703
-8.722004890441895
-10.331963539123535
-16.839487075805664
-21.18486213684082
-35.8187255859375
-4.698616027832031
-6.348367691040039
-23.0960693359375
-34.98469924926758
-2.536259174346924
-5.92869234085083
-28.761234283447266
-27.542835235595703
-10.458471298217773
0.5630900859832764
-31.659509658813477
-17.5517520904541
-18.728761672973633
-1.2287153005599976
0.777662992477417
-34.58121871948242
-9.867460250854492
-4.833498954772949
-32.284385681152344
-11.131824493408203
-14.93647575378418
-15.63609790802002
-13.068350791931152
-6.560551643371582
-21.216819763183594
-0.08211825042963028
-19.471389770507812
-28.957128524780273
-29.28559684753418
-45.90536117553711
-16.16319465637207
-22.658756256103516
-29.509170532226562
-16.903047561645508
-15.18585205078125
-32.97136306762695
-15.333834648132324
-11.504921913146973
-35.39187240600586
-13.49457836151123
-13.735819816589355
-31.96234703063965
-11.54806900024414
-29.316482543945312
-27.178823471069336
-22.543720245361328
-29.331924438476562
-20.217119216918945
-28.532100677490234
-1.179742693901062
-35.62431716918945
-27.06281089782715
-6.304737091064453
-6.736655235290527
-37.81145477294922
-22.237943649291992
-15.941489219665527
-37.889610290527344
-16.301462173461914
-22.63995361328125
-32.417762756347656
-22.28372573852539
-25.162660598754883
-34.95240783691406
-6.766414165496826
-23.954570770263672
-35.448429107666016
-36.0894775390625
-24.7529354095459
-18.0755672454834
-31.797840118408203
-32.721858978271484
-31.555377960205078
-22.918872833251953
-3.8420982360839844
-32.48593521118164
-19.68701171875
-9.187341690063477
-21.54912567138672
-7.1066107749938965
-8.182235717773438
-0.8694337010383606
-23.655885696411133
-27.858125686645508
-8.7445068359375
-33.96903610229492
-8.816444396972656
-22.11100959777832
0.7965151071548462
-12.943634986877441
-21.848072052001953
-9.025238037109375
-34.829017639160156
-42.88322830200195
-41.91855239868164
-26.84245491027832
-27.8150634765625
-19.083620071411133
-9.15239429473877
-6.7729387283325195
-18.67650604248047
-10.354223251342773
-26.296337127685547
-26.011335372924805
-40.44868087768555
-45.23740768432617
-31.217363357543945
-28.13442611694336
-17.877023696899414
-36.85468673706055
-41.3962287902832
-7.364955425262451
-30.507076263427734
-31.758012771606445
-17.97646713256836
-1.6214238405227661
-14.399770736694336
-4.341068267822266
-40.60575866699219
-42.077293395996094
-6.253895282745361
-16.868953704833984
-27.37721824645996
-20.986772537231445
-14.354286193847656
-20.04153060913086
-76.00159454345703
-8.219432830810547
-83.85108184814453
-46.18520736694336
-11.843290328979492
-78.56184387207031
-37.498931884765625
-27.329668045043945
-11.340322494506836
-31.38301658630371
-22.045970916748047
-21.000925064086914
-72.7794418334961
-22.1280460357666
-80.02468872070312
-84.78121948242188
-5.683474540710449
-8.598997116088867
-24.5169677734375
-27.87502098083496
-24.537799835205078
-29.327102661132812
-35.87998580932617
-31.405725479125977
-17.1519718170166
-6.768960952758789
-22.820035934448242
-20.16803550720215
-19.780656814575195
-72.7535400390625
-81.92276763916016
-26.106914520263672
-77.31680297851562
-25.8199520111084
-24.21748924255371
-16.6187686920166
-81.9432144165039
-13.786128044128418
-24.575878143310547
-16.72443199157715
-84.08014678955078
-19.856353759765625
-67.70365142822266
-9.635526657104492
-83.3363265991211
-8.795143127441406
-76.43241119384766
-17.249738693237305
-28.601171493530273
-85.95781707763672
-6.773453712463379
-80.35413360595703
-8.377058029174805
-2.57745099067688
-5.3188958168029785
-83.82206726074219
-9.229093551635742
-10.896879196166992
-3.3150830268859863
-16.544910430908203
-6.605838775634766
-10.57751750946045
-15.928585052490234
-4.60634183883667
-6.690100193023682
-17.149755477905273
-1.7159109115600586
-14.84403133392334
-13.243552207946777
-36.17392349243164
-16.320276260375977
2.4510936737060547
-6.620108127593994
-16.249343872070312
-19.51810646057129
-8.912664413452148
-10.620871543884277
-13.696488380432129
-10.517407417297363
-27.556903839111328
-9.646658897399902
-1.1099563837051392
-31.288738250732422
-85.80823516845703
-5.220357418060303
-31.05156898498535
-11.04033374786377
-11.168532371520996
-5.6267595291137695
-6.0969014167785645
-3.765960216522217
-4.166371822357178
-2.5796854496002197
-24.88462257385254
-4.761925220489502
-77.0044174194336
-27.174400329589844
-8.57459545135498
-12.624165534973145
-11.468555450439453
-20.722774505615234
-9.424015998840332
-85.06820678710938
-11.659333229064941
-18.555469512939453
-6.750118732452393
-13.872566223144531
-14.349504470825195
-13.081771850585938
-42.28896713256836
-8.21540355682373
-7.530460834503174
-3.54819655418396
-12.076107025146484
-4.329503536224365
-13.133848190307617
-12.401914596557617
-7.795984745025635
-15.061965942382812
-15.777140617370605
-3.3738489151000977
-7.22418212890625
-14.929081916809082
-25.67296028137207
-0.33460134267807007
-3.1256816387176514
-21.611665725708008
-17.411306381225586
-1.0675859451293945
-12.79926586151123
-6.041032314300537
-4.417788505554199
-9.440423011779785
-7.748386859893799
-9.04733657836914
-6.383216857910156
-7.833565711975098
-10.899621963500977
-4.02135705947876
-21.92966651916504
-4.685030460357666
-20.824880599975586
-3.8971593379974365
-17.3229923248291
-16.70220184326172
-16.036903381347656
-10.44400691986084
-1.3407142162322998
-15.565258026123047
-18.691465377807617
-19.621740341186523
-0.421257883310318
-14.851584434509277
-24.729177474975586
-26.312410354614258
-1.7227411270141602
-8.626609802246094
1.8609989881515503
-14.133448600769043
2.402517795562744
0.3196171522140503
3.212320327758789
1.5083298683166504
2.38435435295105
3.271840810775757
-4.665140628814697
2.7521495819091797
0.8654434680938721
3.235114097595215
1.648261308670044
-0.9016029238700867
2.930427312850952
-1.2606239318847656
2.5969223976135254
1.6554358005523682
-2.6204915046691895
3.2519118785858154
-8.022974014282227
3.013662099838257
-1.5343126058578491
-8.2330904006958
3.096266269683838
-9.431745529174805
3.236356496810913
3.2738633155822754
-10.021421432495117
3.1424810886383057
-9.067761421203613
3.242593765258789
3.0909266471862793
-12.420268058776855
2.94681453704834
-7.07955265045166
3.250276565551758
3.2198548316955566
-10.718403816223145
-7.545036315917969
-10.232221603393555
-18.908538818359375
1.6533139944076538
-3.1586592197418213
-17.378589630126953
-29.1861629486084
-31.356151580810547
3.252617597579956
3.2527401447296143
-5.987873554229736
-7.6088690757751465
1.8253766298294067
3.2709360122680664
-15.303762435913086
2.2402844429016113
-12.963215827941895
2.9567179679870605
1.1546862125396729
-8.52315902709961
3.2134852409362793
-14.90849781036377
3.1538777351379395
2.1666390895843506
-11.07263469696045
2.649030923843384
-8.553363800048828
3.222878932952881
-7.788072109222412
3.2611281871795654
0.4965614378452301
1.2849466800689697
3.223621129989624
0.7641427516937256
-1.3142532110214233
2.8340959548950195
3.252122402191162
3.1960840225219727
-83.60227966308594
-1.9069095849990845
2.969287633895874
2.500824213027954
3.0563948154449463
0.037491679191589355
2.684875249862671
0.06716670095920563
-2.7188563346862793
1.9975637197494507
-0.7639383673667908
0.24700988829135895
-1.985907793045044
-15.106030464172363
-9.310975074768066
-26.68061065673828
-0.7118784189224243
-2.479539394378662
-26.499427795410156
-40.4710578918457
-33.341880798339844
1.4759130477905273
-2.2515201568603516
2.322087287902832
-1.615380048751831
3.050311326980591
2.2938132286071777
2.9513192176818848
-1.7483038902282715
2.9600830078125
-2.004790782928467
2.769883155822754
-1.9440680742263794
1.5480927228927612
2.906181812286377
1.2588424682617188
-3.1496171951293945
2.025458574295044
3.258718729019165
1.270142674446106
-11.719752311706543
1.1065818071365356
-0.5103983283042908
2.8112761974334717
-19.87350082397461
-16.20459747314453
-15.54608154296875
-16.129425048828125
2.228240966796875
-0.9333815574645996
-14.157005310058594
-40.55839538574219
-31.14484977722168
-30.031530380249023
-33.12678909301758
-23.015811920166016
0.8936267495155334
-1.0094534158706665
-7.252099990844727
-41.65021896362305
-15.684812545776367
-32.94771194458008
-32.37217330932617
-36.97744369506836
3.163482666015625
-9.015515327453613
-6.822053909301758
-30.34688377380371
-2.749584436416626
-29.500030517578125
-15.840392112731934
-29.36345100402832
-4.376173973083496
0.9582747220993042
-12.126134872436523
-35.37808609008789
-26.364404678344727
-39.474464416503906
0.9915688037872314
-5.899937629699707
-19.866933822631836
-29.762575149536133
-11.195352554321289
-33.641963958740234
-35.22199249267578
-39.032325744628906
2.743251085281372
-8.34803295135498
-14.874813079833984
-30.897676467895508
-20.117334365844727
-29.461502075195312
-33.88484191894531
-30.349225997924805
1.519347906112671
-14.823848724365234
-12.958928108215332
-10.956422805786133
-28.45729637145996
-31.117389678955078
-23.70589256286621
-2.884467840194702
-17.98341941833496
-4.680085182189941
-10.172517776489258
-15.858073234558105
-28.0241756439209
-26.60519027709961
-8.678771018981934
-18.743772506713867
-3.1191558837890625
-7.314040184020996
-8.1492919921875
-23.682085037231445
-41.13772201538086
-2.906216621398926
-18.734859466552734
-11.159686088562012
-19.211694717407227
-15.562868118286133
-17.466800689697266
-41.01953125
1.0781594514846802
-21.34660530090332
-16.93454933166504
-11.337713241577148
-24.812488555908203
-3.6489880084991455
-21.409400939941406
-15.794310569763184
-24.3079891204834
-10.072202682495117
-32.17103958129883
-10.153488159179688
-30.716793060302734
1.658665418624878
-19.07192039489746
-17.06197166442871
-37.58942794799805
-16.812955856323242
-29.600502014160156
1.1505306959152222
-21.62875747680664
-25.10052490234375
-13.418700218200684
-19.743295669555664
-31.210124969482422
-9.169198989868164
-42.90623092651367
-16.486867904663086
-31.267377853393555
-4.488483905792236
-21.330984115600586
-25.355831146240234
-44.791603088378906
-15.339765548706055
-24.430580139160156
-35.671756744384766
2.4151711463928223
-18.72926902770996
-15.648672103881836
-43.898597717285156
-28.236164093017578
-4.903161525726318
-21.327281951904297
1.7328085899353027
-16.001800537109375
-16.147708892822266
-37.709354400634766
-29.822717666625977
-31.36139488220215
-7.294751167297363
-13.80478286743164
-18.0295352935791
-31.463472366333008
-26.9359130859375
-31.047611236572266
0.4113716185092926
-16.752613067626953
-18.10630989074707
-30.52910041809082
-22.856164932250977
-30.755245208740234
-1.413155436515808
-17.19392967224121
-9.100031852722168
-27.567838668823242
-25.123430252075195
-5.6818132400512695
-14.884922981262207
-17.756847381591797
-29.654766082763672
-8.747344017028809
-6.153390884399414
-14.727017402648926
-14.34669303894043
-33.71023178100586
-17.453947067260742
-17.833251953125
-11.982282638549805
-9.450713157653809
-32.651546478271484
-26.171213150024414
-22.054956436157227
-26.383115768432617
-6.542211532592773
-12.931705474853516
-23.538677215576172
-7.567307472229004
-19.18109703063965
-22.816377639770508
-21.527219772338867
-11.868844985961914
-20.9322509765625
-33.65850830078125
-26.77226448059082
-8.395966529846191
-12.304472923278809
-38.909156799316406
-23.242034912109375
-3.473785877227783
-6.47114372253418
-40.361610412597656
-17.538122177124023
-19.691736221313477
-13.65611457824707
-19.971813201904297
-35.10142135620117
-8.919189453125
-19.129674911499023
-12.71646785736084
-29.806316375732422
-34.8066520690918
-14.907981872558594
-17.294904708862305
-20.298795700073242
-31.444416046142578
-26.813899993896484
-10.885411262512207
-16.85894203186035
-18.781095504760742
-13.442219734191895
-4.965539455413818
-28.14393424987793
-16.58654022216797
-18.739952087402344
-13.48518180847168
-16.09362030029297
-23.004627227783203
-23.025253295898438
-19.845361709594727
-11.398128509521484
-16.035619735717773
-45.250572204589844
-14.47012710571289
-2.3327858448028564
-12.650691986083984
-17.468708038330078
-18.08728790283203
-28.135103225708008
-15.224174499511719
-25.15191078186035
-22.776229858398438
-11.367240905761719
-14.015954971313477
-22.25069236755371
-13.952319145202637
-19.314064025878906
-6.046360969543457
-21.592660903930664
-20.30437660217285
-13.328259468078613
-12.467995643615723
-15.600468635559082
-17.6295108795166
-22.498653411865234
-30.388208389282227
-15.301122665405273
-14.618308067321777
-31.834104537963867
-15.034358024597168
-25.13041114807129
-18.60614585876465
-12.883511543273926
-12.898045539855957
-11.460417747497559
-8.15066909790039
-4.562475681304932
-17.547277450561523
-9.754934310913086
-22.0489559173584
-17.556488037109375
-11.852242469787598
-21.232046127319336
-12.286504745483398
-28.30356216430664
-10.122020721435547
-9.037078857421875
-32.028564453125
-14.190886497497559
-27.27539825439453
-6.512592315673828
2.453188896179199
-23.76742172241211