-14.453522682189941
0.9482674598693848
1.9241318702697754
-18.89670181274414
-7.225119590759277
0.6657926440238953
-7.507452964782715
2.6003501415252686
-7.671369552612305
-3.942899465560913
-0.8302457928657532
-3.017418146133423
-8.567217826843262
-2.2468254566192627
-5.357232093811035
-0.30546602606773376
-11.065323829650879
-4.9130072593688965
-7.8261799812316895
-13.937009811401367
-6.709641456604004
-6.547111511230469
-7.618520736694336
-6.115307807922363
0.06337806582450867
-5.380743503570557
-5.489071369171143
-4.7689433097839355
-1.6535691022872925
-4.791680335998535
-6.2573089599609375
-4.068398475646973
-7.915948390960693
-3.0127625465393066
-8.659563064575195
-7.835749626159668
-2.8491055965423584
-5.605951309204102
-19.951141357421875
-7.2897114753723145
-1.7051633596420288
-7.700976848602295
-7.119772434234619
-5.223114490509033
-0.7663347125053406
-6.526598930358887
-17.991294860839844
-9.968838691711426
-4.766944885253906
-8.101003646850586
-6.939094543457031
-7.498005390167236
-1.4614874124526978
-10.959185600280762
-7.617210865020752
-1.358418345451355
-5.226527690887451
1.9386487007141113
-1.2000060081481934
-6.313347816467285
-4.984978675842285
-7.433134078979492
1.047384262084961
-2.3582048416137695
-6.495033264160156
-3.5186054706573486
-6.016608715057373
-2.1285159587860107
-0.6669796705245972
-9.175212860107422
-5.369994163513184
-18.33361053466797
-4.0134100914001465
-4.605204105377197
-8.65561580657959
-0.4120228886604309
-13.961653709411621
-6.593311309814453
2.2662594318389893
-4.391599655151367
-1.6630998849868774
-9.828758239746094
0.2500254511833191
-1.5577712059020996
-4.251617431640625
-1.874161958694458
-10.116365432739258
-2.028809070587158
0.6716442704200745
-6.764640808105469
-14.944297790527344
-14.068079948425293
-2.081495761871338
1.8083947896957397
-10.145496368408203
-8.939464569091797
-6.988089084625244
-8.729528427124023
-0.7877705693244934
-13.606066703796387
-7.333292484283447
-1.8986536264419556
-5.358609676361084
-7.670629024505615
-3.9323537349700928
-3.5148956775665283
-5.114377498626709
-14.00073528289795
-6.282846927642822
-11.963228225708008
-6.03074312210083
-4.159211158752441
-10.298931121826172
-13.602250099182129
-6.416679382324219
-3.1054937839508057
-14.28148365020752
-12.602777481079102
-6.414608478546143
-4.369784832000732
-10.694149017333984
-9.652944564819336
-2.708097457885742
-5.1245503425598145
-17.227519989013672
-7.915298938751221
-5.958344459533691
-0.38181740045547485
-9.309234619140625
-12.24062442779541
-15.04196548461914
-10.566521644592285
-1.2367042303085327
-14.452853202819824
-10.160713195800781
-13.766223907470703
-10.183821678161621
-3.7947404384613037
-13.982612609863281
-18.566503524780273
-13.082565307617188
-17.63833999633789
-5.4785237312316895
-18.281848907470703
-16.8947811126709
-11.7882661819458
-19.08235740661621
-4.411506175994873
-19.714635848999023
-3.1647136211395264
-18.007776260375977
-7.775053977966309
-16.620525360107422
-16.064931869506836
-12.010080337524414
-24.83745002746582
-15.879692077636719
-1.3109382390975952
-4.075285911560059
-22.94913673400879
-4.962416172027588
-17.334810256958008
-8.827159881591797
-9.108539581298828
-3.8236582279205322
-22.214189529418945
-7.22183084487915
-24.597354888916016
-4.679411888122559
-5.515923500061035
-16.418895721435547
-22.420507431030273
-4.552205562591553
-11.485841751098633
-13.204153060913086
-7.731775760650635
-5.8255510330200195
-17.4869441986084
-23.896333694458008
-0.7312296032905579
-4.432342052459717
-17.4356632232666
-14.925640106201172
-29.866737365722656
-12.86115837097168
0.6614880561828613
-15.173266410827637
-24.6361141204834
-12.160327911376953
-5.448295593261719
-3.425658702850342
-24.06931495666504
-5.809988975524902
-7.521218299865723
-18.23705291748047
-8.620041847229004
-5.990234375
-6.879114627838135
-16.952377319335938
-10.18248462677002
-11.23812198638916
-4.380483150482178
-16.423919677734375
-7.992779731750488
-3.163623332977295
-12.301548957824707
-8.526278495788574
-6.10774040222168
-4.231098651885986
-12.477804183959961
-4.998646259307861
-7.302548408508301
-14.978473663330078
-5.807095050811768
-10.012824058532715
-6.315474510192871
-1.979050636291504
-9.630722045898438
-6.758359909057617
0.6880269646644592
-8.132607460021973
-14.597249984741211
-2.523101806640625
-7.353916168212891
-11.074143409729004
-4.363774299621582
-8.496379852294922
-6.1720290184021
-9.55258846282959
-7.006895542144775
-9.162019729614258
-12.621991157531738
-10.814728736877441
-7.664613246917725
-1.201620101928711
0.39148157835006714
-2.0790834426879883
-19.51384162902832
-18.954204559326172
-19.517555236816406
-10.227989196777344
-10.084569931030273
-2.5169105529785156
-6.992691516876221
-3.2305960655212402
-15.172484397888184
-4.841935634613037
-13.94754409790039
-16.466543197631836
-9.343314170837402
-8.284833908081055
-14.74286937713623
-4.462162017822266
-1.937264084815979
-0.1968834102153778
1.9904146194458008
-7.922077178955078
-11.010313987731934
-9.383330345153809
-8.229180335998535
-11.6229829788208
-3.885502815246582
-9.213020324707031
-12.579242706298828
-9.085994720458984
-4.941613674163818
-10.307218551635742
1.538090467453003
-2.175110340118408
-1.2933727502822876
1.9723374843597412
-8.718571662902832
-6.744688510894775
-2.7019753456115723
-7.9530463218688965
-10.222146987915039
-12.221780776977539
-6.247682094573975
-6.402068138122559
-12.157793045043945
-15.356839179992676
-5.916518688201904
-11.854042053222656
-7.442176342010498
-8.508040428161621
0.9379206895828247
-14.421738624572754
-17.787588119506836
-23.910255432128906
-22.593475341796875
-6.532190799713135
-19.72747802734375
-25.203636169433594
-26.160470962524414
-12.287775039672852
-20.696718215942383
-21.015365600585938
-16.740270614624023
-1.533882975578308
-7.325720310211182
2.6006758213043213
-18.675243377685547
-23.41230583190918
-24.617231369018555
-23.87936782836914
-18.718595504760742
-11.69580078125
-0.4648732542991638
2.5167150497436523
2.324631690979004
2.3476758003234863
-11.735085487365723
2.079219341278076
-4.036740303039551
-11.754372596740723
-1.2523484230041504
-9.283099174499512
-9.808253288269043
2.4751992225646973
1.3507355451583862
-14.541226387023926
2.3720383644104004
2.5555129051208496
-1.895704746246338
-40.1318244934082
-3.7852799892425537
-41.10139465332031
2.417619228363037
2.5257863998413086
-40.60736846923828
-9.651751518249512
-15.111166954040527
-16.98352813720703
-0.576698362827301
2.4629242420196533
0.5040373802185059
-40.24895477294922
2.100973606109619
-8.251551628112793
-9.512619018554688
-37.6928596496582
2.4809458255767822
-2.272962808609009
-0.726330578327179
-42.75452423095703
-36.87826156616211
-40.376060485839844
-39.256683349609375
-35.44716262817383
-15.263490676879883
-2.2713685035705566
2.5924935340881348
-2.9533963203430176
-42.75503158569336
-39.65287399291992
-11.582515716552734
-39.41819763183594
-32.5302848815918
-15.411776542663574
-41.950035095214844
1.770315408706665
-3.5725977420806885
-7.925023078918457
-41.096778869628906
-38.73549270629883
-20.897184371948242
0.3547564446926117
1.1926579475402832
0.7041602730751038
-8.031621932983398
-40.77781677246094
-37.06180191040039
-14.10192584991455
2.4705824851989746
-1.3914611339569092
-12.433480262756348
-40.93504333496094
-16.304487228393555
0.09547751396894455
1.8323208093643188
-0.1298428475856781
-9.678366661071777
-41.704166412353516
-40.09474563598633
-17.437971115112305
2.245546340942383
-0.7539337873458862
-36.108428955078125
-41.694271087646484
-19.501070022583008
0.3089295029640198
2.4377434253692627
-4.606443881988525
-6.647580623626709
-41.76541519165039
-19.098400115966797
-39.629310607910156
-39.84504318237305
-40.745567321777344
-19.96343421936035
-1.2813509702682495
-39.22743606567383
-6.428005218505859
-35.28746795654297
-16.817729949951172
-42.00374221801758
-20.87647819519043
0.3461781442165375
-2.60562801361084
-39.24247360229492
-12.758843421936035
-20.734037399291992
-0.5413667559623718
-0.3470860719680786
-41.6895637512207
-14.508218765258789
-11.207670211791992
-0.7622599005699158
0.068990059196949
-5.671667575836182
-13.465252876281738
1.9652868509292603
-5.136474609375
-5.8032121658325195
-0.04269205778837204
0.31443554162979126
-11.345580101013184
-3.1587159633636475
1.152415156364441
-9.878691673278809
-6.375725746154785
-0.23704232275485992
-10.830674171447754
-42.62705612182617
1.2892545461654663
-13.447945594787598
-0.3353126347064972
-1.6757601499557495
-7.167856693267822
0.5099473595619202
-13.336562156677246
-1.1844455003738403
-12.265604972839355
2.4762887954711914
-12.187077522277832
-12.8196439743042
-8.851261138916016
1.506960153579712
-4.74191427230835
-11.329185485839844
-14.809553146362305
-0.09266684949398041
-9.532699584960938
-8.248867988586426
-6.05521821975708
1.6706023216247559
-7.361131191253662
-12.002692222595215
-6.5814948081970215
-5.8201470375061035
2.4221248626708984
-5.761276721954346
-11.352418899536133
-8.549871444702148
2.4162614345550537
-10.750238418579102
-16.026317596435547
-18.414382934570312
-1.3950082063674927
-9.586203575134277
-1.5984307527542114
-19.909204483032227
-9.892850875854492
-13.823740005493164
-10.128695487976074
-20.49126625061035
-10.416382789611816
-15.077317237854004
-4.820517539978027
-21.51055908203125
-13.152326583862305
-3.0365397930145264
2.143106460571289
1.5076133012771606
-9.617148399353027
-11.313535690307617
1.6559401750564575
-34.4624137878418
-42.59881591796875
-8.449302673339844
-9.190546035766602
-38.29647445678711
2.416046142578125
2.596527576446533
-15.49372673034668
2.5859529972076416
-35.683021545410156
-1.2553483247756958
1.5193582773208618
-13.204490661621094
-0.5207542777061462
-38.650238037109375
-12.303470611572266
-10.69334888458252
-40.936195373535156
1.130313515663147
2.447615623474121
-19.40172576904297
1.2938766479492188
-36.407997131347656
-0.57013338804245
-0.08710271865129471
-14.784292221069336
-3.049957275390625
-41.158329010009766
-3.995058536529541
-8.099556922912598
-42.87344741821289
2.6054470539093018
2.5876617431640625
-0.9405120611190796
2.5075082778930664
2.470203161239624
-17.090700149536133
-5.686217784881592
-11.470388412475586
-7.40488862991333
-1.77259361743927
0.4008585214614868
-10.392313003540039
2.0054221153259277
2.5202693939208984
-17.75594139099121
