-4.451324128562285
0.7806304624694721
1.548568014370901
-6.180408905711085
-1.4611206744825305
0.7806304624694721
-1.4611206744825305
2.0148273042163165
-1.4611206744825305
-1.4611206744825305
-0.23460546675179705
-1.4611206744825305
-1.4611206744825305
-0.23460546675179705
-1.4611206744825305
0.7806304624694721
-2.873162375327603
-1.4611206744825305
-1.4611206744825305
-4.451324128562285
-1.4611206744825305
-1.4611206744825305
-1.4611206744825305
-1.4611206744825305
0.7806304624694721
-1.4611206744825305
-1.4611206744825305
-1.4611206744825305
-0.23460546675179705
-1.4611206744825305
-1.4611206744825305
-1.4611206744825305
-1.4611206744825305
-1.4611206744825305
-1.4611206744825305
-1.4611206744825305
-0.23460546675179705
-1.4611206744825305
-6.180408905711085
-1.4611206744825305
-0.23460546675179705
-1.4611206744825305
-1.4611206744825305
-1.4611206744825305
-0.23460546675179705
-1.4611206744825305
-4.451324128562285
-2.873162375327603
-1.4611206744825305
-1.4611206744825305
-1.4611206744825305
-1.4611206744825305
-0.23460546675179705
-2.873162375327603
-1.4611206744825305
-0.23460546675179705
-1.4611206744825305
1.548568014370901
-0.23460546675179705
-1.4611206744825305
-1.4611206744825305
-1.4611206744825305
0.7806304624694721
-0.23460546675179705
-1.4611206744825305
-1.4611206744825305
-1.4611206744825305
-0.23460546675179705
-0.23460546675179705
-1.4611206744825305
-1.4611206744825305
-6.180408905711085
-1.4611206744825305
-1.4611206744825305
-1.4611206744825305
0.7806304624694721
-4.451324128562285
-1.4611206744825305
1.548568014370901
-1.4611206744825305
-0.23460546675179705
-2.873162375327603
0.7806304624694721
-0.23460546675179705
-1.4611206744825305
-0.23460546675179705
-2.873162375327603
-0.23460546675179705
0.7806304624694721
-1.4611206744825305
-4.451324128562285
-4.451324128562285
-0.23460546675179705
1.548568014370901
-2.873162375327603
-1.4611206744825305
-1.4611206744825305
-1.4611206744825305
-0.23460546675179705
-4.451324128562285
-1.4611206744825305
-0.23460546675179705
-1.4611206744825305
-1.4611206744825305
-1.4611206744825305
-1.4611206744825305
-1.4611206744825305
-4.451324128562285
-1.4611206744825305
-2.873162375327603
-1.4611206744825305
-1.4611206744825305
-2.873162375327603
-4.451324128562285
-1.4611206744825305
-1.4611206744825305
-4.451324128562285
-2.873162375327603
-1.4611206744825305
-1.4611206744825305
-2.873162375327603
-2.873162375327603
-0.23460546675179705
-1.4611206744825305
-4.451324128562285
-1.4611206744825305
-1.4611206744825305
0.7806304624694721
-1.4611206744825305
-2.873162375327603
-4.451324128562285
-2.873162375327603
-0.23460546675179705
-4.451324128562285
-2.873162375327603
-4.451324128562285
-2.873162375327603
-1.4611206744825305
-4.451324128562285
-6.180408905711085
-2.873162375327603
-4.451324128562285
-1.4611206744825305
-6.180408905711085
-4.451324128562285
-2.873162375327603
-6.180408905711085
-1.4611206744825305
-6.180408905711085
-1.4611206744825305
-4.451324128562285
-1.4611206744825305
-4.451324128562285
-4.451324128562285
-2.873162375327603
-8.04816172380779
-4.451324128562285
-0.23460546675179705
-1.4611206744825305
-8.04816172380779
-1.4611206744825305
-4.451324128562285
-1.4611206744825305
-1.4611206744825305
-1.4611206744825305
-6.180408905711085
-1.4611206744825305
-8.04816172380779
-1.4611206744825305
-1.4611206744825305
-4.451324128562285
-6.180408905711085
-1.4611206744825305
-2.873162375327603
-2.873162375327603
-1.4611206744825305
-1.4611206744825305
-4.451324128562285
-8.04816172380779
-0.23460546675179705
-1.4611206744825305
-4.451324128562285
-4.451324128562285
-10.044468825867828
-2.873162375327603
0.7806304624694721
-4.451324128562285
-8.04816172380779
-2.873162375327603
-1.4611206744825305
-1.4611206744825305
-8.04816172380779
-1.4611206744825305
-1.4611206744825305
-6.180408905711085
-1.4611206744825305
-1.4611206744825305
-1.4611206744825305
-4.451324128562285
-2.873162375327603
-2.873162375327603
-1.4611206744825305
-4.451324128562285
-1.4611206744825305
-1.4611206744825305
-2.873162375327603
-1.4611206744825305
-1.4611206744825305
-1.4611206744825305
-2.873162375327603
-1.4611206744825305
-1.4611206744825305
-4.451324128562285
-1.4611206744825305
-2.873162375327603
-1.4611206744825305
-0.23460546675179705
-2.873162375327603
-1.4611206744825305
0.7806304624694721
-1.4611206744825305
-4.451324128562285
-0.23460546675179705
-1.4611206744825305
-2.873162375327603
-1.4611206744825305
-1.4611206744825305
-1.4611206744825305
-2.873162375327603
-1.4611206744825305
-1.4611206744825305
-2.873162375327603
-2.873162375327603
-1.4611206744825305
-0.23460546675179705
0.7806304624694721
-0.23460546675179705
-6.180408905711085
-6.180408905711085
-6.180408905711085
-2.873162375327603
-2.873162375327603
-0.23460546675179705
-1.4611206744825305
-1.4611206744825305
-4.451324128562285
-1.4611206744825305
-4.451324128562285
-4.451324128562285
-1.4611206744825305
-1.4611206744825305
-4.451324128562285
-1.4611206744825305
-0.23460546675179705
0.7806304624694721
-1.5275177128448871
1.457998988901088
1.457998988901088
1.457998988901088
1.742979000915172
1.742979000915172
1.742979000915172
1.742979000915172
2.104060638258907
1.457998988901088
1.457998988901088
1.742979000915172
1.9710449222603672
1.457998988901088
1.457998988901088
-0.7295107857739664
1.457998988901088
1.742979000915172
1.742979000915172
1.9710449222603672
1.742979000915172
1.9710449222603672
1.9710449222603672
1.9710449222603672
1.742979000915172
1.457998988901088
1.1362531547495647
1.1362531547495647
1.9710449222603672
1.457998988901088
-0.3370894198053835
1.1362531547495647
1.1362531547495647
1.1362531547495647
1.1362531547495647
1.9710449222603672
1.1362531547495647
1.1362531547495647
1.1362531547495647
1.457998988901088
1.1362531547495647
1.1362531547495647
1.1362531547495647
1.9710449222603672
1.1362531547495647
1.1362531547495647
1.1362531547495647
0.7895649317292643
0.4253926507576667
0.4253926507576667
1.742979000915172
2.0566303536311707
2.0566303536311707
2.0566303536311707
1.5640693732222108
1.5640693732222108
1.457998988901088
1.9710449222603672
1.1362531547495647
1.742979000915172
1.457998988901088
1.9710449222603672
1.1362531547495647
1.9710449222603672
1.5640693732222108
1.742979000915172
2.104060638258907
2.104060638258907
1.457998988901088
-1.5275177128448871
1.1362531547495647
-1.5275177128448871
2.104060638258907
2.0566303536311707
-1.5275177128448871
0.7895649317292643
0.4253926507576667
0.4253926507576667
2.0566303536311707
1.457998988901088
-0.3370894198053835
-1.5275177128448871
-1.1267688683133181
-1.1267688683133181
1.742979000915172
-1.1267688683133181
2.104060638258907
1.457998988901088
1.457998988901088
-1.5275177128448871
-1.1267688683133181
-1.5275177128448871
-1.1267688683133181
-1.1267688683133181
0.4253926507576667
2.0566303536311707
1.1362531547495647
0.4253926507576667
-1.5275177128448871
-1.1267688683133181
0.4253926507576667
-1.1267688683133181
-0.7295107857739664
1.1362531547495647
-1.5275177128448871
1.9710449222603672
1.1362531547495647
1.1362531547495647
-1.5275177128448871
-1.1267688683133181
0.04869644384332276
2.104060638258907
1.9710449222603672
1.1362531547495647
1.1362531547495647
-1.5275177128448871
-1.1267688683133181
1.1362531547495647
2.0566303536311707
1.457998988901088
0.7895649317292643
-1.5275177128448871
0.4253926507576667
2.104060638258907
1.9710449222603672
0.7895649317292643
0.7895649317292643
-1.5275177128448871
-1.5275177128448871
1.1362531547495647
2.104060638258907
1.457998988901088
-1.1267688683133181
-1.5275177128448871
0.04869644384332276
2.0566303536311707
2.104060638258907
1.9710449222603672
1.1362531547495647
-1.5275177128448871
1.1362531547495647
-1.1267688683133181
-1.5275177128448871
-1.5275177128448871
0.04869644384332276
2.104060638258907
-1.1267688683133181
1.9710449222603672
-1.1267688683133181
1.1362531547495647
-1.5275177128448871
0.04869644384332276
2.0566303536311707
1.9710449222603672
-1.1267688683133181
1.1362531547495647
0.04869644384332276
1.742979000915172
2.0566303536311707
-1.5275177128448871
1.742979000915172
0.7895649317292643
1.742979000915172
2.0566303536311707
1.742979000915172
1.1362531547495647
1.9710449222603672
1.742979000915172
1.1362531547495647
1.742979000915172
2.0566303536311707
1.457998988901088
1.1362531547495647
1.5640693732222108
1.742979000915172
1.1362531547495647
1.742979000915172
1.1362531547495647
-1.5275177128448871
1.9710449222603672
1.1362531547495647
1.742979000915172
1.742979000915172
1.1362531547495647
1.742979000915172
-0.3370894198053835
1.742979000915172
1.457998988901088
2.0566303536311707
0.04869644384332276
-0.3370894198053835
0.7895649317292643
-1.1267688683133181
0.04869644384332276
1.742979000915172
1.742979000915172
1.5640693732222108
0.7895649317292643
0.7895649317292643
1.457998988901088
-0.3370894198053835
1.1362531547495647
1.1362531547495647
1.9710449222603672
1.742979000915172
2.104060638258907
0.7895649317292643
0.04869644384332276
1.1362531547495647
0.7895649317292643
1.1362531547495647
1.1362531547495647
1.1362531547495647
1.9710449222603672
1.1362531547495647
1.742979000915172
0.04869644384332276
0.7895649317292643
1.1362531547495647
1.1362531547495647
1.1362531547495647
2.0566303536311707
1.1362531547495647
1.742979000915172
1.457998988901088
1.742979000915172
1.742979000915172
1.5640693732222108
1.9710449222603672
1.1362531547495647
1.1362531547495647
2.104060638258907
-1.1267688683133181
-1.5275177128448871
1.742979000915172
1.742979000915172
-1.1267688683133181
0.04869644384332276
0.4253926507576667
1.1362531547495647
0.4253926507576667
-1.1267688683133181
1.5640693732222108
1.9710449222603672
1.1362531547495647
1.9710449222603672
-1.1267688683133181
1.9710449222603672
1.9710449222603672
-1.5275177128448871
1.1362531547495647
2.104060638258907
0.4253926507576667
2.104060638258907
-1.1267688683133181
1.742979000915172
1.742979000915172
1.1362531547495647
1.9710449222603672
-1.5275177128448871
1.9710449222603672
1.742979000915172
-1.5275177128448871
2.0566303536311707
1.1362531547495647
0.7895649317292643
1.1362531547495647
2.0566303536311707
1.1362531547495647
1.742979000915172
1.9710449222603672
1.742979000915172
1.457998988901088
1.1362531547495647
1.1362531547495647
1.457998988901088
2.104060638258907
1.1362531547495647
