5.773502826690673828e+00
2.930421590805053711e+00
2.468566417694091797e+00
6.280331611633300781e+00
4.778553962707519531e+00
3.035819530487060547e+00
4.823262214660644531e+00
1.568871140480041504e+00
4.848932743072509766e+00
4.202117919921875000e+00
3.496673345565795898e+00
4.014391899108886719e+00
4.985748291015625000e+00
3.845912694931030273e+00
4.464982032775878906e+00
3.349246978759765625e+00
5.340620517730712891e+00
4.385135173797607422e+00
4.872990131378173828e+00
5.710489273071289062e+00
4.695238113403320312e+00
4.668492794036865234e+00
4.840678691864013672e+00
4.596261024475097656e+00
3.237491846084594727e+00
4.469145298004150391e+00
4.488248348236083984e+00
4.358736515045166016e+00
3.706857442855834961e+00
4.362919807434082031e+00
4.620208263397216797e+00
4.226524353027343750e+00
4.886857986450195312e+00
4.013410091400146484e+00
4.999534606933593750e+00
4.874471187591552734e+00
3.978630304336547852e+00
4.508716583251953125e+00
6.392677783966064453e+00
4.788838386535644531e+00
3.719320535659790039e+00
4.853547573089599609e+00
4.761707782745361328e+00
4.441115379333496094e+00
3.479351758956909180e+00
4.665100574493408203e+00
6.181646347045898438e+00
5.189233303070068359e+00
4.358368396759033203e+00
4.915261268615722656e+00
4.732601642608642578e+00
4.821776390075683594e+00
3.659781217575073242e+00
5.326238632202148438e+00
4.840474128723144531e+00
3.634061813354492188e+00
4.441725254058837891e+00
2.459727048873901367e+00
3.593871593475341797e+00
4.629605770111083984e+00
4.398228645324707031e+00
4.811554908752441406e+00
2.891331672668457031e+00
3.871052026748657227e+00
4.659873008728027344e+00
4.117821693420410156e+00
4.579501152038574219e+00
3.818891286849975586e+00
3.452094793319702148e+00
5.075497627258300781e+00
4.467242717742919922e+00
6.219207763671875000e+00
4.215858936309814453e+00
4.328417301177978516e+00
4.998946666717529297e+00
3.380194425582885742e+00
5.713518142700195312e+00
4.676119327545166016e+00
2.225620031356811523e+00
4.288342475891113281e+00
3.709165334701538086e+00
5.169424533843994141e+00
3.177842855453491211e+00
3.683514595031738281e+00
4.261747360229492188e+00
3.759629964828491211e+00
5.209975719451904297e+00
3.795855283737182617e+00
3.033717155456542969e+00
4.704235553741455078e+00
5.832498073577880859e+00
5.726571559906005859e+00
3.808058261871337891e+00
2.535914659500122070e+00
5.214057445526123047e+00
5.040978908538818359e+00
4.740521430969238281e+00
5.009942054748535156e+00
3.485179662704467773e+00
5.669596672058105469e+00
4.795758247375488281e+00
3.765408277511596680e+00
4.465226173400878906e+00
4.848817348480224609e+00
4.200056552886962891e+00
4.117072105407714844e+00
4.421614646911621094e+00
5.718316555023193359e+00
4.624494552612304688e+00
5.460122108459472656e+00
4.581907272338867188e+00
4.244042396545410156e+00
5.235478878021240234e+00
5.669122695922851562e+00
4.646857261657714844e+00
4.032892227172851562e+00
5.752621650695800781e+00
5.543007373809814453e+00
4.646512508392333984e+00
4.284215450286865234e+00
5.290077686309814453e+00
5.144404411315917969e+00
3.948243141174316406e+00
4.423444747924804688e+00
6.096698760986328125e+00
4.886757850646972656e+00
4.569562435150146484e+00
3.371478080749511719e+00
5.094967365264892578e+00
5.496291637420654297e+00
5.844140052795410156e+00
5.272535800933837891e+00
3.603255510330200195e+00
5.773421764373779297e+00
5.216187477111816406e+00
5.689437866210937500e+00
5.219419956207275391e+00
4.173001766204833984e+00
5.716092109680175781e+00
6.244586944580078125e+00
5.604049205780029297e+00
6.142590045928955078e+00
4.486393928527832031e+00
6.213547706604003906e+00
6.059180259704589844e+00
5.437131881713867188e+00
6.300309658050537109e+00
4.292102813720703125e+00
6.367711544036865234e+00
4.045251369476318359e+00
6.183462619781494141e+00
4.865065097808837891e+00
6.028014659881591797e+00
5.964190006256103516e+00
5.466255187988281250e+00
6.881935119628906250e+00
5.942699909210205078e+00
3.622101545333862305e+00
4.227857112884521484e+00
6.698477745056152344e+00
4.394130706787109375e+00
6.108729362487792969e+00
5.024411201477050781e+00
5.065770626068115234e+00
4.178710937500000000e+00
6.625248908996582031e+00
4.778029441833496094e+00
6.858967304229736328e+00
4.342200279235839844e+00
4.492963790893554688e+00
6.004960060119628906e+00
6.645914554595947266e+00
4.318530082702636719e+00
5.397060871124267578e+00
5.619369506835937500e+00
4.858341217041015625e+00
4.546783447265625000e+00
6.125732898712158203e+00
6.791319370269775391e+00
3.469767570495605469e+00
4.296032905578613281e+00
6.120008468627929688e+00
5.830270767211914062e+00
7.341812610626220703e+00
5.575997829437255859e+00
3.037364006042480469e+00
5.859739780426025391e+00
6.862681388854980469e+00
5.485857009887695312e+00
4.481072902679443359e+00
4.098969459533691406e+00
6.808094024658203125e+00
4.544102191925048828e+00
4.825426101684570312e+00
6.208643913269042969e+00
4.993641376495361328e+00
4.575006484985351562e+00
4.722878456115722656e+00
6.065697193145751953e+00
5.219233036041259766e+00
5.363916397094726562e+00
4.286240100860595703e+00
6.005536079406738281e+00
4.898680686950683594e+00
4.045024394989013672e+00
5.504189968109130859e+00
4.979618549346923828e+00
4.594979286193847656e+00
4.257826328277587891e+00
5.526949882507324219e+00
4.400708198547363281e+00
4.790878295898437500e+00
5.836575508117675781e+00
4.543603420257568359e+00
5.195430278778076172e+00
4.629961967468261719e+00
3.784266471862792969e+00
5.141229152679443359e+00
4.703209400177001953e+00
3.027814149856567383e+00
4.920087337493896484e+00
5.790866851806640625e+00
3.907758235931396484e+00
4.799027919769287109e+00
5.341813087463378906e+00
4.283077239990234375e+00
4.975134372711181641e+00
4.605849742889404297e+00
5.130042552947998047e+00
4.743556022644042969e+00
5.073575019836425781e+00
5.545470237731933594e+00
5.306573390960693359e+00
4.847878932952880859e+00
3.594285249710083008e+00
3.131044387817382812e+00
3.807501077651977539e+00
6.346410751342773438e+00
6.286529064178466797e+00
6.346806049346923828e+00
5.225590229034423828e+00
5.205515384674072266e+00
3.906390905380249023e+00
4.741264343261718750e+00
4.058926582336425781e+00
5.859647274017333984e+00
4.372143745422363281e+00
5.711784362792968750e+00
6.010419368743896484e+00
5.099900722503662109e+00
4.943234443664550781e+00
5.808385848999023438e+00
4.301647663116455078e+00
3.774485588073730469e+00
3.317122697830200195e+00
2.427396535873413086e+00
4.887802600860595703e+00
5.333173751831054688e+00
5.105684757232666016e+00
4.934790611267089844e+00
5.415284633636474609e+00
4.190877914428710938e+00
5.081001281738281250e+00
5.539988517761230469e+00
5.062475204467773438e+00
4.390347003936767578e+00
5.236632347106933594e+00
2.676249980926513672e+00
3.829573154449462891e+00
3.617658376693725586e+00
2.438835859298706055e+00
5.008314132690429688e+00
4.700974464416503906e+00
3.946914672851562500e+00
4.892571926116943359e+00
5.224774837493896484e+00
5.493845462799072266e+00
4.618590831756591797e+00
4.644423961639404297e+00
5.485527038574218750e+00
5.881453990936279297e+00
4.562407016754150391e+00
5.445791244506835938e+00
4.812981605529785156e+00
4.976883888244628906e+00
2.934433937072753906e+00
5.769652843475341797e+00
6.159146308898925781e+00
6.792671203613281250e+00
6.663174152374267578e+00
4.666025638580322266e+00
6.369070053100585938e+00
6.916773319244384766e+00
7.006734848022460938e+00
5.502405643463134766e+00
6.470537662506103516e+00
6.503433227539062500e+00
6.041649341583251953e+00
3.677652120590209961e+00
4.794557094573974609e+00
1.714593172073364258e+00
6.256388664245605469e+00
6.744087219238281250e+00
6.860872268676757812e+00
6.789670944213867188e+00
6.261085510253906250e+00
5.424925327301025391e+00
3.395341157913208008e+00
1.344316244125366211e+00
2.173169374465942383e+00
2.150974512100219727e+00
5.430116176605224609e+00
2.368586301803588867e+00
4.220389366149902344e+00
5.432662010192871094e+00
3.607242107391357422e+00
5.091179370880126953e+00
5.166515827178955078e+00
1.281401157379150391e+00
5.224462747573852539e-01
5.784107208251953125e+00
2.126403093338012695e+00
1.418533086776733398e+00
3.764713287353515625e+00
8.180818557739257812e+00
4.171131134033203125e+00
8.254564285278320312e+00
2.076710462570190430e+00
1.359920263290405273e+00
8.217091560363769531e+00
5.144234180450439453e+00
5.852368831634521484e+00
6.069218158721923828e+00
3.426965951919555664e+00
2.020900487899780273e+00
3.092728376388549805e+00
8.189771652221679688e+00
2.353437900543212891e+00
4.938187599182128906e+00
5.124305725097656250e+00
7.991523265838623047e+00
1.996258139610290527e+00
3.851837873458862305e+00
3.468425989151000977e+00
8.378440856933593750e+00
7.927028656005859375e+00
8.199473381042480469e+00
8.113533020019531250e+00
7.812093257904052734e+00
5.870426177978515625e+00
3.851476907730102539e+00
1.758307337760925293e+00
4.000853061676025391e+00
8.378478050231933594e+00
8.144080162048339844e+00
5.409916400909423828e+00
8.126003265380859375e+00
7.570933341979980469e+00
5.887930870056152344e+00
8.318444252014160156e+00
2.556989192962646484e+00
4.128707408905029297e+00
4.888256549835205078e+00
8.254215240478515625e+00
8.073126792907714844e+00
6.491258621215820312e+00
3.143334627151489258e+00
2.831718206405639648e+00
3.021976470947265625e+00
4.904641151428222656e+00
8.230044364929199219e+00
7.941618442535400391e+00
5.730714321136474609e+00
1.275068640708923340e+00
3.642343282699584961e+00
5.521238803863525391e+00
8.241970062255859375e+00
5.991824150085449219e+00
3.227393388748168945e+00
2.522414922714233398e+00
3.296977281570434570e+00
5.148033618927001953e+00
8.300000190734863281e+00
8.177981376647949219e+00
6.120266437530517578e+00
2.243131160736083984e+00
3.475971937179565430e+00
7.865465164184570312e+00
8.299256324768066406e+00
6.345053195953369141e+00
3.158530950546264648e+00
2.052858829498291016e+00
4.328648090362548828e+00
4.685053348541259766e+00
8.304598808288574219e+00
6.302031993865966797e+00
8.142267227172851562e+00
8.158845901489257812e+00
8.227596282958984375e+00
6.393971920013427734e+00
3.614611625671386719e+00
8.111271858215332031e+00
4.648742198944091797e+00
7.799134731292724609e+00
6.050446510314941406e+00
8.322465896606445312e+00
6.489122867584228516e+00
3.146190881729125977e+00
3.925907135009765625e+00
8.112434387207031250e+00
5.562967300415039062e+00
6.474401950836181641e+00
3.417034864425659180e+00
3.361401081085205078e+00
8.298902511596679688e+00
5.780119419097900391e+00
5.359821796417236328e+00
3.478241920471191406e+00
3.235730886459350586e+00
4.520161151885986328e+00
5.652070999145507812e+00
2.443253278732299805e+00
4.425588607788085938e+00
4.542933940887451172e+00
3.270416021347045898e+00
3.156713247299194336e+00
5.378330230712890625e+00
4.044002532958984375e+00
2.848527193069458008e+00
5.176498413085937500e+00
4.640031814575195312e+00
3.329075098037719727e+00
5.308749198913574219e+00
8.368969917297363281e+00
2.790366649627685547e+00
5.649911403656005859e+00
3.357971668243408203e+00
3.712227106094360352e+00
4.769408226013183594e+00
3.090688467025756836e+00
5.635986328125000000e+00
3.589879035949707031e+00
5.499532222747802734e+00
1.282911300659179688e+00
5.489336013793945312e+00
5.570715904235839844e+00
5.027973651885986328e+00
2.691206455230712891e+00
4.353754997253417969e+00
5.376134872436523438e+00
5.816383838653564453e+00
0.000000000000000000e+00
5.127189159393310547e+00
4.937780380249023438e+00
4.586068630218505859e+00
6.756983995437622070e-01
4.800170898437500000e+00
5.465288639068603516e+00
4.674170494079589844e+00
4.545852661132812500e+00
2.071485757827758789e+00
4.535693645477294922e+00
5.379245758056640625e+00
4.983152389526367188e+00
2.078272581100463867e+00
5.297760009765625000e+00
5.959719181060791016e+00
6.228025436401367188e+00
3.643230199813842773e+00
5.134859561920166016e+00
3.693454504013061523e+00
6.388259887695312500e+00
5.178501605987548828e+00
5.696539878845214844e+00
5.211703777313232422e+00
6.449208736419677734e+00
5.251791000366210938e+00
5.848345756530761719e+00
4.368216514587402344e+00
6.554117202758789062e+00
5.612846374511718750e+00
4.018420696258544922e+00
2.323140382766723633e+00
2.690894842147827148e+00
5.139288425445556641e+00
5.374037742614746094e+00
2.617552757263183594e+00
7.731744766235351562e+00
8.366869926452636719e+00
4.968061923980712891e+00
5.077730655670166016e+00
8.038892745971679688e+00
2.078519821166992188e+00
1.546436190605163574e+00
5.897573947906494141e+00
1.783819437026977539e+00
7.831182956695556641e+00
3.608005762100219727e+00
2.685275554656982422e+00
5.619411945343017578e+00
1.616704225540161133e+00
3.348716020584106445e+00
1.727197170257568359e+00
1.774739980697631836e+00
3.387153148651123047e+00
2.559238910675048828e+00
1.403233885765075684e+00
2.821086645126342773e+00
1.361481308937072754e+00
3.309750556945800781e+00
2.032422304153442383e+00
1.989327073097229004e+00
2.343816995620727539e+00
1.772091746330261230e+00
3.391227722167968750e+00
1.548188209533691406e+00
1.880610823631286621e+00
3.417496681213378906e+00
1.089465141296386719e+00
2.302823781967163086e+00
2.648180723190307617e+00
2.315247297286987305e+00
7.935823202133178711e-01
2.295714378356933594e+00
1.827960252761840820e+00
1.689199447631835938e+00
1.965111017227172852e+00
2.179786443710327148e+00
2.345335960388183594e+00
2.586174249649047852e+00
2.231164216995239258e+00
1.208417654037475586e+00
2.491837024688720703e+00
