6.954588890075683594e+00
3.758278846740722656e+00
3.262343645095825195e+00
7.544251918792724609e+00
5.812514305114746094e+00
3.872580766677856445e+00
5.863356113433837891e+00
2.323341608047485352e+00
5.892571449279785156e+00
5.161415100097656250e+00
4.376837730407714844e+00
4.951242923736572266e+00
6.048531532287597656e+00
4.763454437255859375e+00
5.457284927368164062e+00
4.214764118194580078e+00
6.455043315887451172e+00
5.367222309112548828e+00
5.919962406158447266e+00
6.881629467010498047e+00
5.717895507812500000e+00
5.687557220458984375e+00
5.883175849914550781e+00
5.605708599090576172e+00
4.092375278472900391e+00
5.461985111236572266e+00
5.483558177947998047e+00
5.337482929229736328e+00
4.609078407287597656e+00
5.342193603515625000e+00
5.632830619812011719e+00
5.188809394836425781e+00
5.935759067535400391e+00
4.950146198272705078e+00
6.064270973205566406e+00
5.921649456024169922e+00
4.911315917968750000e+00
5.506682872772216797e+00
7.675621509552001953e+00
5.824205875396728516e+00
4.622890949249267578e+00
5.897824287414550781e+00
5.793369293212890625e+00
5.430347919464111328e+00
4.357759475708007812e+00
5.683710098266601562e+00
7.429050445556640625e+00
6.281284332275390625e+00
5.337068557739257812e+00
5.968126773834228516e+00
5.760307312011718750e+00
5.861666679382324219e+00
4.556944847106933594e+00
6.438514709472656250e+00
5.882942199707031250e+00
4.528491020202636719e+00
5.431035518646240234e+00
3.252934932708740234e+00
4.484067916870117188e+00
5.643477439880371094e+00
5.381979942321777344e+00
5.850039005279541016e+00
3.715988636016845703e+00
4.791423320770263672e+00
5.677783012390136719e+00
5.066920757293701172e+00
5.586737155914306641e+00
4.733411312103271484e+00
4.327756881713867188e+00
6.151074886322021484e+00
5.459836959838867188e+00
7.472877025604248047e+00
5.176836013793945312e+00
5.303347587585449219e+00
6.063600063323974609e+00
4.248728275299072266e+00
6.885135650634765625e+00
5.696206569671630859e+00
3.004973649978637695e+00
5.258266925811767578e+00
4.611635684967041016e+00
6.258585453033447266e+00
4.027221202850341797e+00
4.583219528198242188e+00
5.228373050689697266e+00
4.667598247528076172e+00
6.305063247680664062e+00
4.707816123962402344e+00
3.870296955108642578e+00
5.728105068206787109e+00
7.022968292236328125e+00
6.900243282318115234e+00
4.721373081207275391e+00
3.334135532379150391e+00
6.309742927551269531e+00
6.111613750457763672e+00
5.769301891326904297e+00
6.076156139373779297e+00
4.364177703857421875e+00
6.834327697753906250e+00
5.832073688507080078e+00
4.674010753631591797e+00
5.457560539245605469e+00
5.892438411712646484e+00
5.159101963043212891e+00
5.066081523895263672e+00
5.408349037170410156e+00
6.890688419342041016e+00
5.637686252593994141e+00
6.592555046081542969e+00
5.589460372924804688e+00
5.208482265472412109e+00
6.334310054779052734e+00
6.833778858184814453e+00
5.663027286529541016e+00
4.971912860870361328e+00
6.930403232574462891e+00
6.688110828399658203e+00
5.662636756896972656e+00
5.253626823425292969e+00
6.396975517272949219e+00
6.229927539825439453e+00
4.877417087554931641e+00
5.410412788391113281e+00
7.330033302307128906e+00
5.935645103454589844e+00
5.575489044189453125e+00
4.239159107208251953e+00
6.173343658447265625e+00
6.634236335754394531e+00
7.036468982696533203e+00
6.376835346221923828e+00
4.494435787200927734e+00
6.954494953155517578e+00
6.312185287475585938e+00
6.857274532318115234e+00
6.315891742706298828e+00
5.128754615783691406e+00
6.888113975524902344e+00
7.502503871917724609e+00
6.758575439453125000e+00
7.383508205413818359e+00
5.481463432312011719e+00
7.466270446777343750e+00
7.286344051361083984e+00
6.566076755523681641e+00
7.567595005035400391e+00
5.262495040893554688e+00
7.646408081054687500e+00
4.985725879669189453e+00
7.431169509887695312e+00
5.910937786102294922e+00
7.250074863433837891e+00
7.175854682922363281e+00
6.599621295928955078e+00
8.250382423400878906e+00
7.150882720947265625e+00
4.515265941619873047e+00
5.190305709838867188e+00
8.034367561340332031e+00
5.377360343933105469e+00
7.344048023223876953e+00
6.092683315277099609e+00
6.139952182769775391e+00
5.135156631469726562e+00
7.948307514190673828e+00
5.811918258666992188e+00
8.223307609558105469e+00
5.318862915039062500e+00
5.488884449005126953e+00
7.223256111145019531e+00
7.972584247589111328e+00
5.292221546173095703e+00
6.519952297210693359e+00
6.776273250579833984e+00
5.903281688690185547e+00
5.549719333648681641e+00
7.363861083984375000e+00
8.143612861633300781e+00
4.347207069396972656e+00
5.266914844512939453e+00
7.357190608978271484e+00
7.020384788513183594e+00
8.794385910034179688e+00
6.726184368133544922e+00
3.874258756637573242e+00
7.054565906524658203e+00
8.227684974670410156e+00
6.622208595275878906e+00
5.475453853607177734e+00
5.045814514160156250e+00
8.163366317749023438e+00
5.546686649322509766e+00
5.865818977355957031e+00
7.460548400878906250e+00
6.057542324066162109e+00
5.581650257110595703e+00
5.749267578125000000e+00
7.293931484222412109e+00
6.315678119659423828e+00
6.481826305389404297e+00
5.255903244018554688e+00
7.223927021026611328e+00
5.949229717254638672e+00
4.985472679138183594e+00
6.643342018127441406e+00
6.041534900665283203e+00
5.604258537292480469e+00
7.393417358398437500e+00
5.223967075347900391e+00
6.669588088989257812e+00
5.384774684906005859e+00
5.826525211334228516e+00
7.344900608062744141e+00
7.027695178985595703e+00
5.546122550964355469e+00
6.288387775421142578e+00
7.836749076843261719e+00
7.485411643981933594e+00
5.643880844116210938e+00
4.694945812225341797e+00
6.226291656494140625e+00
7.014666080474853516e+00
6.686987876892089844e+00
4.967880249023437500e+00
5.726941108703613281e+00
3.863885164260864258e+00
5.973628044128417969e+00
5.216744422912597656e+00
5.896742820739746094e+00
5.885290622711181641e+00
6.974708080291748047e+00
4.832294464111328125e+00
5.835791587829589844e+00
7.052708148956298828e+00
3.369640111923217773e+00
4.848815441131591797e+00
6.456414699554443359e+00
5.252346992492675781e+00
6.036417007446289062e+00
3.204577445983886719e+00
2.796844482421875000e+00
5.616567134857177734e+00
6.213483810424804688e+00
4.509870529174804688e+00
2.764500141143798828e+00
5.772748470306396484e+00
6.148876667022705078e+00
4.764502048492431641e+00
4.815317153930664062e+00
6.690952301025390625e+00
6.415921688079833984e+00
5.891370773315429688e+00
4.484524726867675781e+00
3.976188182830810547e+00
4.720753669738769531e+00
7.621492385864257812e+00
7.551492691040039062e+00
7.621954441070556641e+00
6.322968006134033203e+00
6.299948692321777344e+00
4.830771446228027344e+00
5.770144939422607422e+00
5.001015186309814453e+00
7.054458141326904297e+00
5.352584838867187500e+00
6.883129119873046875e+00
7.229606151580810547e+00
6.178987979888916016e+00
6.000021934509277344e+00
6.995011806488037109e+00
5.273229598999023438e+00
4.684086799621582031e+00
4.179540634155273438e+00
3.218550443649291992e+00
5.936835765838623047e+00
6.446485042572021484e+00
6.185606002807617188e+00
5.990392684936523438e+00
6.540924549102783203e+00
5.148803710937500000e+00
6.157368659973144531e+00
6.684628009796142578e+00
6.136184692382812500e+00
5.373096466064453125e+00
6.335634708404541016e+00
3.484321832656860352e+00
4.745285034179687500e+00
4.510354042053222656e+00
3.230711698532104492e+00
6.074296951293945312e+00
3.271540880203247070e+00
5.724404335021972656e+00
4.875935554504394531e+00
5.942269325256347656e+00
6.322032928466796875e+00
6.631416320800781250e+00
5.630998134613037109e+00
5.660270214080810547e+00
6.621828556060791016e+00
7.079762935638427734e+00
5.567392349243164062e+00
6.576048851013183594e+00
5.851662158966064453e+00
6.038413524627685547e+00
3.762622833251953125e+00
6.950128555297851562e+00
7.402810096740722656e+00
6.416049003601074219e+00
8.145204544067382812e+00
4.678200721740722656e+00
6.765015602111816406e+00
7.992866039276123047e+00
5.684759616851806641e+00
6.850933551788330078e+00
7.647997379302978516e+00
6.533577919006347656e+00
8.291468620300292969e+00
7.638515472412109375e+00
8.397662162780761719e+00
6.641284465789794922e+00
7.627346992492675781e+00
7.766802310943603516e+00
7.553026199340820312e+00
7.805358409881591797e+00
7.512082099914550781e+00
7.265940666198730469e+00
4.576727867126464844e+00
5.830707550048828125e+00
2.472635507583618164e+00
7.783788681030273438e+00
7.516284942626953125e+00
7.543697834014892578e+00
9.522419929504394531e+00
8.088015556335449219e+00
7.257972717285156250e+00
9.472891807556152344e+00
8.225552558898925781e+00
6.593830108642578125e+00
9.666634559631347656e+00
8.141671180725097656e+00
5.425765991210937500e+00
9.795606613159179688e+00
7.521770954132080078e+00
4.812375545501708984e+00
9.822605133056640625e+00
6.552022933959960938e+00
4.435270309448242188e+00
9.914737701416015625e+00
4.265363216400146484e+00
2.637183189392089844e+00
2.095732688903808594e+00
3.915827989578247070e+00
2.949752569198608398e+00
2.716748714447021484e+00
2.926423311233520508e+00
6.557998657226562500e+00
3.156117677688598633e+00
5.181921958923339844e+00
6.560930252075195312e+00
4.498841285705566406e+00
6.169009685516357422e+00
6.255253314971923828e+00
2.032529830932617188e+00
2.152014493942260742e+00
1.293480038642883301e+00
6.966874599456787109e+00
2.900623083114624023e+00
2.170615911483764648e+00
4.673239231109619141e+00
9.795575141906738281e+00
5.126657009124755859e+00
9.884084701538085938e+00
2.848531723022460938e+00
2.111447811126708984e+00
9.839100837707519531e+00
6.229732990264892578e+00
7.046014785766601562e+00
7.298030853271484375e+00
4.300117969512939453e+00
2.790168523788452148e+00
3.934461116790771484e+00
9.806316375732421875e+00
3.140060424804687500e+00
5.994266986846923828e+00
6.206917285919189453e+00
9.568750381469726562e+00
2.764446735382080078e+00
4.770044803619384766e+00
4.345730304718017578e+00
1.003293991088867188e+01
9.491590499877929688e+00
9.817956924438476562e+00
9.714889526367187500e+00
9.354241371154785156e+00
7.066965103149414062e+00
4.769643306732177734e+00
2.517651319503784180e+00
4.936123371124267578e+00
1.003298473358154297e+01
9.751510620117187500e+00
6.534746170043945312e+00
9.729837417602539062e+00
9.066712379455566406e+00
9.552165985107421875e+00
7.087280273437500000e+00
9.960817337036132812e+00
3.356638908386230469e+00
5.079112529754638672e+00
5.937352657318115234e+00
9.883665084838867188e+00
9.666465759277343750e+00
7.791085720062255859e+00
3.989583015441894531e+00
3.651603221893310547e+00
3.857545614242553711e+00
5.956022262573242188e+00
9.854647636413574219e+00
9.509038925170898438e+00
9.676609992980957031e+00
9.930977821350097656e+00
7.352842807769775391e+00
6.905038833618164062e+00
2.026182651519775391e+00
4.537650585174560547e+00
6.663000583648681641e+00
9.868962287902832031e+00
7.207980632781982422e+00
4.081336498260498047e+00
3.319730043411254883e+00
4.157469272613525391e+00
6.234084606170654297e+00
9.938655853271484375e+00
9.792171478271484375e+00
9.746344566345214844e+00
7.348121643066406250e+00
7.357490539550781250e+00
3.023437738418579102e+00
4.354037761688232422e+00
9.417996406555175781e+00
9.937762260437011719e+00
7.619904518127441406e+00
4.006152629852294922e+00
2.823570489883422852e+00
5.303607940673828125e+00
5.706340789794921875e+00
9.944180488586425781e+00
9.883669853210449219e+00
6.963011264801025391e+00
7.569608688354492188e+00
9.749338150024414062e+00
9.769219398498535156e+00
9.851708412170410156e+00
7.677136421203613281e+00
4.506986141204833984e+00
9.712178230285644531e+00
5.665163993835449219e+00
9.338768959045410156e+00
6.879776000976562500e+00
7.276179313659667969e+00
9.965649604797363281e+00
7.788583755493164062e+00
3.992696762084960938e+00
4.852516651153564453e+00
9.713570594787597656e+00
6.993607997894287109e+00
6.711143016815185547e+00
7.771330356597900391e+00
4.289200782775878906e+00
4.228099346160888672e+00
9.937336921691894531e+00
5.754751682281494141e+00
6.962254524230957031e+00
6.477118492126464844e+00
4.356537342071533203e+00
4.090450286865234375e+00
5.519618034362792969e+00
6.814064502716064453e+00
3.235409259796142578e+00
9.743115425109863281e+00
5.412831306457519531e+00
5.545364856719970703e+00
4.128389358520507812e+00
4.004170417785644531e+00
6.498403549194335938e+00
4.984330177307128906e+00
3.669744491577148438e+00
6.266689777374267578e+00
5.655291557312011719e+00
4.192642211914062500e+00
6.418420791625976562e+00
1.002155113220214844e+01
3.607019662857055664e+00
6.811567783355712891e+00
4.224336147308349609e+00
4.615028858184814453e+00
5.802120208740234375e+00
3.932241201400756836e+00
6.795473098754882812e+00
4.479657173156738281e+00
6.637971878051757812e+00
2.034043788909912109e+00
6.626217842102050781e+00
6.720086574554443359e+00
6.096753120422363281e+00
3.500374317169189453e+00
9.259650230407714844e+00
7.775297164916992188e+00
6.175171375274658203e+00
5.097068786621093750e+00
6.838151931762695312e+00
5.331871986389160156e+00
7.179483413696289062e+00
5.414103984832763672e+00
5.119587898254394531e+00
7.613079547882080078e+00
5.514028549194335938e+00
6.495878219604492188e+00
7.004282951354980469e+00
8.176244497299194336e-01
6.210216999053955078e+00
5.993802070617675781e+00
5.594171047210693359e+00
1.438791871070861816e+00
7.918470859527587891e+00
5.286461830139160156e+00
8.121300697326660156e+00
8.265555381774902344e+00
5.459145069122314453e+00
7.982187271118164062e+00
4.590897083282470703e+00
6.070792675018310547e+00
6.856874942779541016e+00
5.837091445922851562e+00
6.009986400604248047e+00
6.566947460174560547e+00
6.598508358001708984e+00
5.693995475769042969e+00
5.548666477203369141e+00
2.843061685562133789e+00
5.537178039550781250e+00
6.499456882476806641e+00
6.045567989349365234e+00
2.850167751312255859e+00
7.489389419555664062e+00
6.696507453918457031e+00
6.717051029205322266e+00
6.405798435211181641e+00
5.298780441284179688e+00
3.456504106521606445e+00
7.050988197326660156e+00
4.587898254394531250e+00
7.302772045135498047e+00
4.367477416992187500e+00
7.170659065246582031e+00
8.700999259948730469e+00
6.932094573974609375e+00
6.896272182464599609e+00
7.646230697631835938e+00
7.483169078826904297e+00
6.677528858184814453e+00
3.688246726989746094e+00
5.821843147277832031e+00
4.538631916046142578e+00
6.218998908996582031e+00
4.594228744506835938e+00
7.670451641082763672e+00
6.268986225128173828e+00
3.463105916976928711e+00
5.224608898162841797e+00
6.409868717193603516e+00
6.865490436553955078e+00
5.177149772644042969e+00
6.246440887451171875e+00
5.817558288574218750e+00
6.048409938812255859e+00
4.934547901153564453e+00
6.307044029235839844e+00
4.521760463714599609e+00
6.136785984039306641e+00
5.096441268920898438e+00
6.365917205810546875e+00
5.012151718139648438e+00
7.741812705993652344e+00
4.650919914245605469e+00
7.639538288116455078e+00
4.117721557617187500e+00
6.184656143188476562e+00
4.808269023895263672e+00
6.353026390075683594e+00
7.041347980499267578e+00
5.348160743713378906e+00
7.864802837371826172e+00
6.768736839294433594e+00
4.955743312835693359e+00
5.429586410522460938e+00
5.255990028381347656e+00
5.315380573272705078e+00
5.575675010681152344e+00
5.497475624084472656e+00
3.107974767684936523e+00
3.500039815902709961e+00
6.224070072174072266e+00
6.493466377258300781e+00
3.421408414840698242e+00
9.258343696594238281e+00
1.001902675628662109e+01
6.028345584869384766e+00
6.153628349304199219e+00
9.625460624694824219e+00
2.850426435470581055e+00
2.300464868545532227e+00
7.098474502563476562e+00
2.543970584869384766e+00
9.377038955688476562e+00
4.499685287475585938e+00
3.494007825851440430e+00
6.776321411132812500e+00
4.282804489135742188e+00
9.658517837524414062e+00
6.643628597259521484e+00
6.396849632263183594e+00
9.869068145751953125e+00
3.679605245590209961e+00
1.996145367622375488e+00
7.607535362243652344e+00
1.269902944564819336e+00
9.446714401245117188e+00
4.298093795776367188e+00
4.143263816833496094e+00
7.000772953033447266e+00
4.958897113800048828e+00
9.889254570007324219e+00
5.172830104827880859e+00
5.967874050140380859e+00
1.004355049133300781e+01
2.379158973693847656e+00
2.537572860717773438e+00
4.409363269805908203e+00
2.722934484481811523e+00
4.508175373077392578e+00
3.354782104492187500e+00
2.025665998458862305e+00
7.312110900878906250e+00
5.522475242614746094e+00
6.517582893371582031e+00
5.844964981079101562e+00
4.640826702117919922e+00
3.972751140594482422e+00
6.349196434020996094e+00
1.624085068702697754e+00
4.108062744140625000e+00
2.341770887374877930e+00
2.701018810272216797e+00
6.778214931488037109e+00
7.398723602294921875e+00
5.743411540985107422e+00
6.055200576782226562e+00
5.890493392944335938e+00
3.970677614212036133e+00
1.948621630668640137e+00
5.567270278930664062e+00
1.693784236907958984e+00
4.607957839965820312e+00
3.101466178894042969e+00
2.136698246002197266e+00
4.273586273193359375e+00
4.872969627380371094e+00
7.393957138061523438e+00
6.530315399169921875e+00
4.598408222198486328e+00
6.556799888610839844e+00
4.530230522155761719e+00
3.558476686477661133e+00
6.398665904998779297e+00
2.876826286315917969e+00
4.632581710815429688e+00
3.462471246719360352e+00
2.605013132095336914e+00
4.944287300109863281e+00
9.271939277648925781e+00
6.952838897705078125e+00
6.671342372894287109e+00
5.946701526641845703e+00
6.449748039245605469e+00
3.581221818923950195e+00
2.496277332305908203e+00
5.947475910186767578e+00
3.227415084838867188e+00
6.478384971618652344e+00
7.458369255065917969e+00
6.138236045837402344e+00
6.788482666015625000e+00
6.758393287658691406e+00
3.221088886260986328e+00
9.909061431884765625e+00
9.424507141113281250e+00
3.354506254196166992e+00
9.702499389648437500e+00
6.221018791198730469e+00
6.450351715087890625e+00
5.385097503662109375e+00
6.499028682708740234e+00
3.316293954849243164e+00
2.748180150985717773e+00
5.991477966308593750e+00
3.057693004608154297e+00
3.301359891891479492e+00
9.804679870605468750e+00
4.852396488189697266e+00
9.944581985473632812e+00
5.286918640136718750e+00
6.411055564880371094e+00
4.164520263671875000e+00
6.399453639984130859e+00
3.382040500640869141e+00
3.307509183883666992e+00
6.086725711822509766e+00
2.320784568786621094e+00
2.693964242935180664e+00
1.002873039245605469e+01
9.629258155822753906e+00
5.934894084930419922e+00
6.546181678771972656e+00
5.641242027282714844e+00
1.002867889404296875e+01
3.524249792098999023e+00
3.133527278900146484e+00
6.246128559112548828e+00
3.016181707382202148e+00
2.617742300033569336e+00
1.003876018524169922e+01
4.473171234130859375e+00
6.723779201507568359e+00
4.288390636444091797e+00
9.893401145935058594e+00
4.125000953674316406e+00
6.739490509033203125e+00
2.067146301269531250e+00
2.479168891906738281e+00
6.450518608093261719e+00
6.614027500152587891e+00
6.159020900726318359e+00
3.386679410934448242e+00
6.518328189849853516e+00
3.580094099044799805e+00
3.287202119827270508e+00
4.851477146148681641e+00
6.023743152618408203e+00
5.684109687805175781e+00
4.357047080993652344e+00
6.659922599792480469e+00
3.466359615325927734e+00
2.993511199951171875e+00
4.853501796722412109e+00
5.597207069396972656e+00
6.683710575103759766e+00
3.393288135528564453e+00
6.640435218811035156e+00
3.390868186950683594e+00
3.649816989898681641e+00
5.194276809692382812e+00
6.471323013305664062e+00
6.282518863677978516e+00
2.993532657623291016e+00
5.599620342254638672e+00
3.144549846649169922e+00
1.411676287651062012e+00
6.186483383178710938e+00
5.055225372314453125e+00
5.626722335815429688e+00
9.909524917602539062e+00
5.060647964477539062e+00
9.915732383728027344e+00
3.620031356811523438e+00
6.853356361389160156e+00
5.938038825988769531e+00
5.666954994201660156e+00
6.239348411560058594e+00
4.634830474853515625e+00
7.604935646057128906e+00
6.261554718017578125e+00
7.166710853576660156e+00
6.279835224151611328e+00
4.425686836242675781e+00
4.406113147735595703e+00
7.387843608856201172e+00
6.068936824798583984e+00
4.639410972595214844e+00
9.749560356140136719e+00
2.629376888275146484e+00
4.304948806762695312e+00
6.757878780364990234e+00
6.735147953033447266e+00
5.608921527862548828e+00
3.080193519592285156e+00
4.574212074279785156e+00
6.508382797241210938e+00
4.728903770446777344e+00
1.783586859703063965e+00
1.906659007072448730e+00
2.161804199218750000e+00
1.373645901679992676e+00
1.649388909339904785e+00
2.065928220748901367e+00
2.158237695693969727e+00
1.594118475914001465e+00
1.842667102813720703e+00
2.120433807373046875e+00
2.171418666839599609e+00
1.656729340553283691e+00
1.171192407608032227e+00
2.232712030410766602e+00
2.163704395294189453e+00
1.822802901268005371e+00
1.625669956207275391e+00
2.245873212814331055e+00
2.175166845321655273e+00
1.815427422523498535e+00
2.224537372589111328e+00
1.961516141891479492e+00
1.742194890975952148e+00
2.037037849426269531e+00
1.878790497779846191e+00
1.781835675239562988e+00
2.054327964782714844e+00
1.629484057426452637e+00
2.256410360336303711e+00
2.569961786270141602e+00
2.772658824920654297e+00
2.076066970825195312e+00
1.944020509719848633e+00
2.449135541915893555e+00
1.676454424858093262e+00
1.981907606124877930e+00
2.047240495681762695e+00
2.095729589462280273e+00
1.785748124122619629e+00
1.750773787498474121e+00
2.028784513473510742e+00
2.013814687728881836e+00
1.872452974319458008e+00
1.747039198875427246e+00
1.965283155441284180e+00
2.185437917709350586e+00
1.772877812385559082e+00
1.677535057067871094e+00
1.492285966873168945e+00
1.961720347404479980e+00
2.372048616409301758e+00
1.425154685974121094e+00
1.854000091552734375e+00
2.445186614990234375e+00
1.410899519920349121e+00
1.647424459457397461e+00
2.388889312744140625e+00
1.308322191238403320e+00
1.973959326744079590e+00
1.884696841239929199e+00
1.988014221191406250e+00
2.428595781326293945e+00
1.529599428176879883e+00
2.003687858581542969e+00
2.288683652877807617e+00
1.422821164131164551e+00
2.203156232833862305e+00
2.077544212341308594e+00
1.403087973594665527e+00
2.196388244628906250e+00
1.301026463508605957e+00
3.045785427093505859e+00
1.913570046424865723e+00
2.185892820358276367e+00
2.652118682861328125e+00
1.928732991218566895e+00
1.863220334053039551e+00
1.891701102256774902e+00
1.693728208541870117e+00
2.229993343353271484e+00
2.805737018585205078e+00
1.682935118675231934e+00
1.899444222450256348e+00
2.207481861114501953e+00
2.007613658905029297e+00
1.523319959640502930e+00
2.079812765121459961e+00
2.028201341629028320e+00
2.122821092605590820e+00
1.841389060020446777e+00
5.987187623977661133e-01
2.183095455169677734e+00
2.007852315902709961e+00
2.133833646774291992e+00
7.942970842123031616e-02
2.246043443679809570e+00
1.713077425956726074e+00
2.171030759811401367e+00
1.274575352668762207e+00
2.129124879837036133e+00
1.130145192146301270e+00
1.386453270912170410e+00
1.771227240562438965e+00
1.559931993484497070e+00
2.051438331604003906e+00
1.234495878219604492e+00
1.839380264282226562e+00
1.816580414772033691e+00
1.713622689247131348e+00
1.996339917182922363e+00
1.632861375808715820e+00
1.698494553565979004e+00
1.296164512634277344e+00
2.134133100509643555e+00
1.673750638961791992e+00
1.462766647338867188e+00
2.229151725769042969e+00
2.257995605468750000e+00
2.737696409225463867e+00
1.907163023948669434e+00
1.905907511711120605e+00
1.698450565338134766e+00
1.751227974891662598e+00
1.723380565643310547e+00
2.276431083679199219e+00
1.660545587539672852e+00
1.952135205268859863e+00
2.236670255661010742e+00
1.692586421966552734e+00
2.160286426544189453e+00
2.003228425979614258e+00
1.689720869064331055e+00
2.254223108291625977e+00
1.487410068511962891e+00
1.635345220565795898e+00
2.242719888687133789e+00
1.501730084419250488e+00
2.070588350296020508e+00
1.674295186996459961e+00
2.299628496170043945e+00
2.561672687530517578e+00
1.639017105102539062e+00
1.917134761810302734e+00
2.201592683792114258e+00
1.767530083656311035e+00
2.135899066925048828e+00
2.095009565353393555e+00
1.705612540245056152e+00
2.250560522079467773e+00
2.006469964981079102e+00
2.473776817321777344e+00
1.622355937957763672e+00
2.101466655731201172e+00
1.834138274192810059e+00
1.460347533226013184e+00
2.367468118667602539e+00
2.152957201004028320e+00
2.005435943603515625e+00
2.140565633773803711e+00
1.618956685066223145e+00
2.139484167098999023e+00
1.586833834648132324e+00
1.093289613723754883e+00
2.582307577133178711e+00
1.881431937217712402e+00
1.522206306457519531e+00
1.563282132148742676e+00
1.624491572380065918e+00
1.467668890953063965e+00
1.799938321113586426e+00
1.480039834976196289e+00
1.450736761093139648e+00
2.585167646408081055e+00
1.967295885086059570e+00
2.150194883346557617e+00
2.794547796249389648e+00
1.926770687103271484e+00
6.650973558425903320e-01
1.200356483459472656e+00
1.723418116569519043e+00
1.527250051498413086e+00
2.548868656158447266e+00
2.438487768173217773e+00
1.950930833816528320e+00
2.094301939010620117e+00
2.046554565429687500e+00
1.855792880058288574e+00
1.772095322608947754e+00
1.253058433532714844e+00
2.403128623962402344e+00
9.243278503417968750e-01
1.680905580520629883e+00
2.563733816146850586e+00
2.411643981933593750e+00
1.701010107994079590e+00
1.555910348892211914e+00
1.989813089370727539e+00
1.872672438621520996e+00
2.797930955886840820e+00
2.327160835266113281e+00
1.667512536048889160e+00
1.773226976394653320e+00
1.951470732688903809e+00
1.773320198059082031e+00
1.419589877128601074e+00
1.630034089088439941e+00
1.432438492774963379e+00
2.773337364196777344e+00
2.178688287734985352e+00
1.445716142654418945e+00
1.613002181053161621e+00
2.066003322601318359e+00
1.765130996704101562e+00
2.083389759063720703e+00
2.261448383331298828e+00
3.119036197662353516e+00
1.754298448562622070e+00
3.178134918212890625e+00
3.051565170288085938e+00
2.680747509002685547e+00
3.163270473480224609e+00
2.168381452560424805e+00
1.952195763587951660e+00
1.533856034278869629e+00
1.585664629936218262e+00
1.535987019538879395e+00
1.654118061065673828e+00
3.095437526702880859e+00
1.869193434715270996e+00
3.146922826766967773e+00
3.184637308120727539e+00
1.503326058387756348e+00
2.096652746200561523e+00
2.896571397781372070e+00
1.869830131530761719e+00
1.735684990882873535e+00
2.795470476150512695e+00
2.745529651641845703e+00
1.910074710845947266e+00
1.556801915168762207e+00
1.392369389533996582e+00
1.653220891952514648e+00
1.536967754364013672e+00
1.510641574859619141e+00
3.091806411743164062e+00
3.159068822860717773e+00
3.060599803924560547e+00
3.128766298294067383e+00
2.959278345108032227e+00
2.902675390243530273e+00
2.944732904434204102e+00
3.163625240325927734e+00
2.256598711013793945e+00
2.757457494735717773e+00
2.574694871902465820e+00
3.179276466369628906e+00
2.350190639495849609e+00
3.044349908828735352e+00
2.576530933380126953e+00
3.174014568328857422e+00
1.305244922637939453e+00
3.129434347152709961e+00
2.606827974319458008e+00
3.042131185531616211e+00
3.192899227142333984e+00
2.039748430252075195e+00
3.151740789413452148e+00
1.685250997543334961e+00
2.887467622756958008e+00
1.986130595207214355e+00
3.177680253982543945e+00
2.129104137420654297e+00
2.139707565307617188e+00
1.885045766830444336e+00
2.359223842620849609e+00
2.075319051742553711e+00
2.179264307022094727e+00
2.333283185958862305e+00
1.893804073333740234e+00
2.048571109771728516e+00
2.366798400878906250e+00
1.559239268302917480e+00
2.028230190277099609e+00
2.278553009033203125e+00
2.197712659835815430e+00
2.339141130447387695e+00
2.759315013885498047e+00
2.041383266448974609e+00
1.781408905982971191e+00
1.655330538749694824e+00
1.065478682518005371e+00
1.783511519432067871e+00
1.882504463195800781e+00
1.606125235557556152e+00
2.579054117202758789e+00
2.160402536392211914e+00
1.631567835807800293e+00
2.640343189239501953e+00
3.192317008972167969e+00
1.674994945526123047e+00
2.635035514831542969e+00
1.672546386718750000e+00
1.196589708328247070e+00
1.974160432815551758e+00
2.029296875000000000e+00
1.383479714393615723e+00
1.936361074447631836e+00
1.865065693855285645e+00
2.003009796142578125e+00
1.974713563919067383e+00
3.126904010772705078e+00
1.619931936264038086e+00
1.424336791038513184e+00
1.315022945404052734e+00
1.592177867889404297e+00
1.973515510559082031e+00
1.786901712417602539e+00
3.187011480331420898e+00
1.334966182708740234e+00
1.560571312904357910e+00
1.230914950370788574e+00
1.616328001022338867e+00
2.005405664443969727e+00
1.987211942672729492e+00
3.154038429260253906e+00
1.335228562355041504e+00
2.960457563400268555e+00
2.805882930755615234e+00
2.680237770080566406e+00
2.479742765426635742e+00
2.693228721618652344e+00
2.672426462173461914e+00
1.628404378890991211e+00
2.187964439392089844e+00
2.438598155975341797e+00
1.503616094589233398e+00
2.707475662231445312e+00
1.493788480758666992e+00
1.581349730491638184e+00
1.340804576873779297e+00
1.706600785255432129e+00
2.152033090591430664e+00
2.004397392272949219e+00
1.305922031402587891e+00
2.309220552444458008e+00
1.349713683128356934e+00
1.608695626258850098e+00
1.242098331451416016e+00
1.725296974182128906e+00
1.454788088798522949e+00
1.865274071693420410e+00
1.557240247726440430e+00
1.984124422073364258e+00
1.484409809112548828e+00
2.472069263458251953e+00
1.411108374595642090e+00
2.446600437164306641e+00
1.522538542747497559e+00
2.379884481430053711e+00
1.092409729957580566e+00
2.347467422485351562e+00
1.216908574104309082e+00
1.757003545761108398e+00
1.477918148040771484e+00
2.641514539718627930e+00
8.512033224105834961e-01
9.786863923072814941e-01
1.893280506134033203e+00
2.162477970123291016e+00
2.165568113327026367e+00
1.129982709884643555e+00
1.003088116645812988e+00
1.440959811210632324e+00
1.413931846618652344e+00
1.161323547363281250e+00
1.567682266235351562e+00
9.056327939033508301e-01
1.209191083908081055e+00
1.008902192115783691e+00
1.257048130035400391e+00
1.541960835456848145e+00
1.060379028320312500e+00
1.096742987632751465e+00
1.221734762191772461e+00
7.531782388687133789e-01
1.605440974235534668e+00
8.170953392982482910e-01
8.469734191894531250e-01
1.137169480323791504e+00
8.013865351676940918e-01
1.571080923080444336e+00
1.125750660896301270e+00
1.973792672157287598e+00
1.229839801788330078e+00
1.006163001060485840e+00
1.480563402175903320e+00
8.856554031372070312e-01
1.979474782943725586e+00
1.184321045875549316e+00
1.079560875892639160e+00
1.433368086814880371e+00
1.049080491065979004e+00
2.035419464111328125e+00
8.484641313552856445e-01
1.191473484039306641e+00
1.378502368927001953e+00
2.947978973388671875e-01
2.055507898330688477e+00
1.244668483734130859e+00
1.246758103370666504e+00
1.512800216674804688e+00
2.098744630813598633e+00
1.603003144264221191e+00
2.588572263717651367e+00
7.476826310157775879e-01
1.267437458038330078e+00
1.931740164756774902e+00
2.236657857894897461e+00
1.724065065383911133e+00
1.215344786643981934e+00
1.114730477333068848e+00
2.039602994918823242e+00
2.098901748657226562e+00
1.313350439071655273e+00
1.070741057395935059e+00
2.313364028930664062e+00
1.169457316398620605e+00
1.934068918228149414e+00
1.113934159278869629e+00
9.170752167701721191e-01
2.134332895278930664e+00
1.165253758430480957e+00
1.227017641067504883e+00
1.237013578414916992e+00
9.523423910140991211e-01
2.209807157516479492e+00
1.168034195899963379e+00
1.390700697898864746e+00
9.872643351554870605e-01
2.084232091903686523e+00
1.098296642303466797e+00
1.226456165313720703e+00
1.231016635894775391e+00
1.333096981048583984e+00
1.187224507331848145e+00
1.401944041252136230e+00
1.263103842735290527e+00
1.168400168418884277e+00
1.063631653785705566e+00
3.180913209915161133e+00
1.207959413528442383e+00
4.105326831340789795e-01
1.129714488983154297e+00
4.743774533271789551e-01
1.511918425559997559e+00
4.027169644832611084e-01
7.319528460502624512e-01
1.506163239479064941e+00
1.268026113510131836e+00
7.708535194396972656e-01
7.577925920486450195e-01
1.709977984428405762e+00
1.971142292022705078e+00
2.693369626998901367e+00
2.836206197738647461e+00
0.000000000000000000e+00
1.167816400527954102e+00
1.558138012886047363e+00
2.147899150848388672e+00
1.947813391685485840e+00
1.114794254302978516e+00
1.050296068191528320e+00
1.057129740715026855e+00
1.670436859130859375e+00
1.114119887351989746e+00
7.638278603553771973e-01
1.125012516975402832e+00
1.652494788169860840e+00
8.355199098587036133e-01
1.357430577278137207e+00
1.001591801643371582e+00
1.559852480888366699e+00
1.318308830261230469e+00
1.089295625686645508e+00
1.260264754295349121e+00
1.752663612365722656e+00
9.914416670799255371e-01
3.048026859760284424e-01
5.820882916450500488e-01
1.590891957283020020e+00
1.385357856750488281e+00
8.329820036888122559e-01
9.954040646553039551e-01
1.545711398124694824e+00
2.152232170104980469e+00
2.263964414596557617e+00
2.415363311767578125e+00
8.161006569862365723e-01
9.337305426597595215e-01
1.424539685249328613e+00
2.765685796737670898e+00
1.166713833808898926e+00
2.256726741790771484e+00
2.145503044128417969e+00
2.521622419357299805e+00
6.022180914878845215e-01
1.212811589241027832e+00
1.582286596298217773e+00
2.781013011932373047e+00
1.364720821380615234e+00
2.324023962020874023e+00
2.143082141876220703e+00
2.816348552703857422e+00
1.407745957374572754e+00
1.314117193222045898e+00
1.428606867790222168e+00
2.624498128890991211e+00
1.725658893585205078e+00
1.949310183525085449e+00
2.345183849334716797e+00
2.151674032211303711e+00
1.933335661888122559e+00
2.149029016494750977e+00
2.235938310623168945e+00
2.285677671432495117e+00
2.210950851440429688e+00
2.257428646087646484e+00
4.643905758857727051e-01
1.566502094268798828e+00
1.525646209716796875e+00
2.611112117767333984e+00
1.738997578620910645e+00
2.261217832565307617e+00
2.201889753341674805e+00
2.145775079727172852e+00
1.088297367095947266e+00
1.451849818229675293e+00
1.578354597091674805e+00
2.633862733840942383e+00
1.622052550315856934e+00
2.086614608764648438e+00
2.128084182739257812e+00
2.076495170593261719e+00
8.704648613929748535e-01
1.262395143508911133e+00
2.246725082397460938e+00
1.412204623222351074e+00
1.869831681251525879e+00
2.147518634796142578e+00
1.980981588363647461e+00
1.025550723075866699e+00
1.433658361434936523e+00
1.911866188049316406e+00
1.490230202674865723e+00
1.318815469741821289e+00
2.136210918426513672e+00
2.042452573776245117e+00
7.954301238059997559e-01
1.792512416839599609e+00
1.869526863098144531e+00
1.482523798942565918e+00
1.645946264266967773e+00
2.077863216400146484e+00
1.684208989143371582e+00
7.195754647254943848e-01
1.941102623939514160e+00
2.211018562316894531e+00
1.424026966094970703e+00
2.057273626327514648e+00
1.318170666694641113e+00
1.814062356948852539e+00
3.186888098716735840e-01
1.935651183128356934e+00
2.361426591873168945e+00
1.365919470787048340e+00
2.227153062820434570e+00
1.047474980354309082e+00
1.942004561424255371e+00
4.577978551387786865e-01
1.723066568374633789e+00
1.705358743667602539e+00
2.279929876327514648e+00
1.571187615394592285e+00
2.626579761505126953e+00
1.224108695983886719e+00
1.778802275657653809e+00
1.874093174934387207e+00
2.356358051300048828e+00
1.797596693038940430e+00
2.609387159347534180e+00
1.205392956733703613e+00
1.605437278747558594e+00
1.916873931884765625e+00
1.829364061355590820e+00
2.433846235275268555e+00
2.248949289321899414e+00
2.145819902420043945e+00
2.312632322311401367e+00
1.757181048393249512e+00
2.633972883224487305e+00
1.221096992492675781e+00
1.486682176589965820e+00
1.872814059257507324e+00
2.820541858673095703e+00
1.630877971649169922e+00
2.491735219955444336e+00
2.563609600067138672e+00
1.085878491401672363e+00
1.550902724266052246e+00
1.547982335090637207e+00
2.809814453125000000e+00
1.785209178924560547e+00
1.985992312431335449e+00
2.417097806930541992e+00
1.325862526893615723e+00
1.472295522689819336e+00
1.597252607345581055e+00
2.731771945953369141e+00
1.959270238876342773e+00
2.655811309814453125e+00
1.506480932235717773e+00
1.979985475540161133e+00
1.758821845054626465e+00
2.641678094863891602e+00
2.039956569671630859e+00
2.530243158340454102e+00
1.452963471412658691e+00
1.969807147979736328e+00
1.829092979431152344e+00
2.624504089355468750e+00
2.488858461380004883e+00
1.799588322639465332e+00
1.342857718467712402e+00
2.032002210617065430e+00
1.791138052940368652e+00
2.577816009521484375e+00
1.711653232574462891e+00
1.583831906318664551e+00
2.053326845169067383e+00
1.761187195777893066e+00
2.609268665313720703e+00
1.782462596893310547e+00
1.666918158531188965e+00
2.064104795455932617e+00
1.640123724937438965e+00
2.673297643661499023e+00
1.736048460006713867e+00
1.771018743515014648e+00
2.238374471664428711e+00
9.600185751914978027e-01
2.659804582595825195e+00
1.970839262008666992e+00
1.891420841217041016e+00
2.558598041534423828e+00
1.143731236457824707e+00
1.831057429313659668e+00
2.216887474060058594e+00
2.087436676025390625e+00
1.841290712356567383e+00
1.927398562431335449e+00
2.451773166656494141e+00
1.064881563186645508e+00
1.854488611221313477e+00
2.202850103378295898e+00
2.560180425643920898e+00
1.225237488746643066e+00
2.248520612716674805e+00
2.265541791915893555e+00
2.497642993927001953e+00
1.495480418205261230e+00
2.054402828216552734e+00
2.766518831253051758e+00
2.750777721405029297e+00
2.425693988800048828e+00
1.771162867546081543e+00
2.423205852508544922e+00
2.695017337799072266e+00
2.695625782012939453e+00
2.416516065597534180e+00
1.902524471282958984e+00
2.608464717864990234e+00
2.688692569732666016e+00
2.458567380905151367e+00
2.375517368316650391e+00
1.909724354743957520e+00
2.635435342788696289e+00
2.566618204116821289e+00
2.157274484634399414e+00
2.360414743423461914e+00
1.867476344108581543e+00
2.278783082962036133e+00
1.876579403877258301e+00
1.560077190399169922e+00
1.885034680366516113e+00
1.592852354049682617e+00
1.921995520591735840e+00
1.535513520240783691e+00
1.958809137344360352e+00
2.352642774581909180e+00
1.748317718505859375e+00
1.099416136741638184e+00
1.484590649604797363e+00
2.880176305770874023e+00
1.460497975349426270e+00
1.685171961784362793e+00
1.469084262847900391e+00
1.698961138725280762e+00
1.473116397857666016e+00
1.937016129493713379e+00
1.442141175270080566e+00
1.634185552597045898e+00
1.760758876800537109e+00
1.387969732284545898e+00
1.418940067291259766e+00
1.631667971611022949e+00
1.430446147918701172e+00
1.472708821296691895e+00
1.277697086334228516e+00
9.953704476356506348e-01
1.186339139938354492e+00
1.644175529479980469e+00
1.621361255645751953e+00
7.856633663177490234e-01
1.320463657379150391e+00
1.661652088165283203e+00
2.321699619293212891e+00
1.275484204292297363e+00
1.256106019020080566e+00
1.744965553283691406e+00
1.470777392387390137e+00
1.430180072784423828e+00
1.791990160942077637e+00
1.162617564201354980e+00
1.835030198097229004e+00
1.528595209121704102e+00
1.597623109817504883e+00
9.881805777549743652e-01
1.674793839454650879e+00
1.467779636383056641e+00
1.656067848205566406e+00
1.863294720649719238e+00
1.628208041191101074e+00
1.962638497352600098e+00
1.313194751739501953e+00
2.021678447723388672e+00
1.400708079338073730e+00
1.090631484985351562e+00
2.018376827239990234e+00
1.376030325889587402e+00
1.988152503967285156e+00
1.291203856468200684e+00
9.212997555732727051e-01
1.937359809875488281e+00
