8.873800277709960938e+00
4.450622558593750000e+00
3.806196689605712891e+00
9.732578277587890625e+00
7.245479583740234375e+00
4.600983619689941406e+00
7.316928386688232422e+00
2.624920845031738281e+00
7.358030319213867188e+00
6.339631080627441406e+00
5.272055149078369141e+00
6.050985813140869141e+00
7.578003406524658203e+00
5.794702053070068359e+00
6.749125003814697266e+00
5.055020809173583984e+00
8.155682563781738281e+00
6.624092102050781250e+00
7.396595954895019531e+00
8.768367767333984375e+00
7.112780094146728516e+00
7.070306301116943359e+00
7.344808578491210938e+00
6.955901145935058594e+00
4.891963958740234375e+00
6.755659580230712891e+00
6.785662651062011719e+00
6.582878112792968750e+00
5.585191726684570312e+00
6.589404106140136719e+00
6.993781566619873047e+00
6.377392768859863281e+00
7.418850898742675781e+00
6.049484729766845703e+00
7.600255012512207031e+00
7.398972034454345703e+00
5.996366024017333984e+00
6.817844867706298828e+00
9.925479888916015625e+00
7.261900901794433594e+00
5.603894233703613281e+00
7.365424156188964844e+00
7.218601226806640625e+00
6.711693763732910156e+00
5.246442317962646484e+00
7.064923286437988281e+00
9.563883781433105469e+00
7.908006668090820312e+00
6.582303524017333984e+00
7.464479923248291016e+00
7.172217369079589844e+00
7.314552783966064453e+00
5.514682769775390625e+00
8.132075309753417969e+00
7.344479560852050781e+00
5.476252079010009766e+00
6.712648868560791016e+00
3.794100522994995117e+00
5.416326999664306641e+00
7.008659839630126953e+00
6.644556522369384766e+00
7.298203468322753906e+00
4.395161151885986328e+00
5.832774639129638672e+00
7.056630611419677734e+00
6.209620952606201172e+00
6.929421424865722656e+00
5.753845691680908203e+00
5.206199169158935547e+00
7.723140716552734375e+00
6.752673149108886719e+00
9.628008842468261719e+00
6.360884189605712891e+00
6.535617351531982422e+00
7.599306106567382812e+00
5.100399494171142578e+00
8.773429870605468750e+00
7.082411766052246094e+00
3.477123498916625977e+00
6.473276615142822266e+00
5.588653564453125000e+00
7.875734329223632812e+00
4.805458068847656250e+00
5.550202846527099609e+00
6.431983947753906250e+00
5.664485454559326172e+00
7.941834926605224609e+00
5.719069957733154297e+00
4.597972869873046875e+00
7.127081871032714844e+00
8.972781181335449219e+00
8.795248031616210938e+00
5.737485885620117188e+00
3.898658752441406250e+00
7.948495388031005859e+00
7.667241096496582031e+00
7.184832096099853516e+00
7.617063045501708984e+00
5.255056858062744141e+00
8.700112342834472656e+00
7.272954463958740234e+00
5.673183917999267578e+00
6.749508380889892578e+00
7.357843399047851562e+00
6.336444377899169922e+00
6.208467960357666016e+00
6.681146144866943359e+00
8.781449317932128906e+00
7.000566482543945312e+00
8.352472305297851562e+00
6.933221817016601562e+00
6.404529571533203125e+00
7.983471393585205078e+00
8.699320793151855469e+00
7.035991191864013672e+00
6.079288959503173828e+00
8.838829040527343750e+00
8.489622116088867188e+00
7.035445213317871094e+00
6.466864585876464844e+00
8.072789192199707031e+00
7.835016727447509766e+00
5.950047492980957031e+00
6.684011459350585938e+00
9.419239997863769531e+00
7.418690204620361328e+00
6.913728713989257812e+00
5.087608814239501953e+00
7.754712104797363281e+00
8.412256240844726562e+00
8.992343902587890625e+00
8.044067382812500000e+00
5.430304527282714844e+00
8.873664855957031250e+00
7.951971054077148438e+00
8.733214378356933594e+00
7.957247257232666016e+00
6.294652462005615234e+00
8.777730941772460938e+00
9.671394348144531250e+00
8.590966224670410156e+00
9.497315406799316406e+00
6.782748699188232422e+00
9.618338584899902344e+00
9.355523109436035156e+00
8.314527511596679688e+00
9.766814231872558594e+00
6.479120254516601562e+00
9.882534027099609375e+00
6.098214149475097656e+00
9.566982269287109375e+00
7.383886337280273438e+00
9.302676200866699219e+00
9.194670677185058594e+00
8.362603187561035156e+00
1.077594566345214844e+01
9.158373832702636719e+00
5.458402633666992188e+00
6.379455566406250000e+00
1.045508861541748047e+01
6.638149261474609375e+00
9.439693450927734375e+00
7.640445709228515625e+00
7.707378387451171875e+00
6.303465366363525391e+00
1.032766628265380859e+01
7.244642734527587891e+00
1.073565006256103516e+01
6.557092189788818359e+00
6.793073654174804688e+00
9.263628005981445312e+00
1.036358737945556641e+01
6.520223140716552734e+00
8.248486518859863281e+00
8.616447448730468750e+00
7.373106479644775391e+00
6.877795219421386719e+00
9.468618392944335938e+00
1.061717319488525391e+01
5.232283592224121094e+00
6.485229015350341797e+00
9.458878517150878906e+00
8.969038963317871094e+00
1.159029674530029297e+01
8.544358253479003906e+00
4.603195667266845703e+00
9.018574714660644531e+00
1.074216461181640625e+01
8.394998550415039062e+00
6.774389266967773438e+00
6.180633544921875000e+00
1.064652156829833984e+01
6.873568058013916016e+00
7.320392131805419922e+00
9.609963417053222656e+00
7.590741157531738281e+00
6.922323703765869141e+00
7.156738758087158203e+00
9.366584777832031250e+00
7.956943511962890625e+00
8.193957328796386719e+00
6.470010280609130859e+00
9.264604568481445312e+00
7.437835693359375000e+00
6.097866535186767578e+00
8.425325393676757812e+00
7.568115234375000000e+00
6.953876018524169922e+00
6.425901412963867188e+00
8.463010787963867188e+00
6.648433685302734375e+00
7.265159130096435547e+00
8.979629516601562500e+00
6.872781753540039062e+00
7.918110370635986328e+00
7.009223937988281250e+00
5.701594352722167969e+00
7.829853534698486328e+00
7.125450611114501953e+00
4.589521408081054688e+00
7.472239971160888672e+00
8.902906417846679688e+00
5.888471126556396484e+00
7.278179168701171875e+00
8.157641410827636719e+00
6.465096473693847656e+00
7.560883045196533203e+00
6.971063613891601562e+00
7.811667442321777344e+00
7.189666271209716797e+00
7.720025062561035156e+00
8.493704795837402344e+00
8.099821090698242188e+00
7.356340885162353516e+00
5.416943073272705078e+00
4.737847328186035156e+00
5.736644268035888672e+00
9.845929145812988281e+00
9.743195533752441406e+00
9.846607208251953125e+00
7.967320919036865234e+00
7.934557437896728516e+00
5.886394500732421875e+00
7.186014652252197266e+00
6.119170665740966797e+00
9.018419265747070312e+00
6.603801727294921875e+00
8.770532608032226562e+00
9.272871971130371094e+00
7.762717247009277344e+00
7.509483337402343750e+00
8.932293891906738281e+00
6.493958950042724609e+00
5.686854839324951172e+00
5.008018970489501953e+00
3.749936103820800781e+00
7.420367240905761719e+00
8.143457412719726562e+00
7.772105216979980469e+00
7.495892524719238281e+00
8.278505325317382812e+00
6.322257995605468750e+00
7.732062339782714844e+00
8.484617233276367188e+00
7.702040672302246094e+00
6.632236480712890625e+00
7.985357761383056641e+00
4.093004703521728516e+00
5.769988536834716797e+00
5.451774597167968750e+00
3.765548706054687500e+00
7.614433288574218750e+00
7.121897220611572266e+00
5.948024749755859375e+00
7.428024768829345703e+00
7.965990066528320312e+00
8.408209800720214844e+00
6.991220951080322266e+00
7.032135963439941406e+00
8.394453048706054688e+00
9.055116653442382812e+00
6.902435302734375000e+00
8.328815460205078125e+00
7.300486087799072266e+00
7.563704490661621094e+00
4.456325054168701172e+00
8.867349624633789062e+00
9.525520324707031250e+00
1.061953830718994141e+01
1.039361190795898438e+01
7.066391468048095703e+00
9.884869575500488281e+00
1.083713626861572266e+01
1.099553298950195312e+01
8.422371864318847656e+00
1.005969715118408203e+01
1.011653232574462891e+01
9.325788497924804688e+00
5.541423797607421875e+00
7.271035194396972656e+00
2.809044599533081055e+00
9.691584587097167969e+00
1.053463935852050781e+01
1.073898983001708984e+01
1.061429023742675781e+01
9.699624061584472656e+00
8.294396400451660156e+00
5.122644424438476562e+00
2.347124099731445312e+00
3.407018184661865234e+00
3.377454996109008789e+00
8.302955627441406250e+00
3.669916868209838867e+00
6.367895603179931641e+00
8.307153701782226562e+00
5.436245441436767578e+00
7.748566627502441406e+00
7.870998382568359375e+00
2.270630598068237305e+00
1.398895621299743652e+00
8.891572952270507812e+00
3.344798326492309570e+00
2.438121795654296875e+00
5.672137260437011719e+00
1.311159229278564453e+01
6.291765213012695312e+00
1.324742984771728516e+01
3.278985261917114258e+00
2.366188287734985352e+00
1.317836475372314453e+01
7.834740161895751953e+00
9.006177902221679688e+00
9.372561454772949219e+00
5.169163703918457031e+00
3.205443382263183594e+00
4.682662010192871094e+00
1.312806510925292969e+01
3.649372100830078125e+00
7.501360416412353516e+00
7.802345752716064453e+00
1.276445960998535156e+01
3.173098087310791016e+00
5.803669929504394531e+00
5.230302333831787109e+00
1.347635936737060547e+01
1.264669895172119141e+01
1.314592075347900391e+01
1.298794841766357422e+01
1.243749046325683594e+01
9.036554336547851562e+00
5.803123950958251953e+00
2.864850282669067383e+00
6.030293941497802734e+00
1.347642898559570312e+01
1.304404544830322266e+01
8.269659996032714844e+00
1.301084041595458984e+01
1.200126075744628906e+01
9.066022872924804688e+00
1.336536502838134766e+01
3.927700042724609375e+00
6.226373195648193359e+00
7.421096324920654297e+00
1.324678516387939453e+01
1.291382884979248047e+01
1.009548759460449219e+01
4.755580902099609375e+00
4.310901165008544922e+00
4.581167221069335938e+00
7.447411537170410156e+00
1.320222759246826172e+01
1.267331409454345703e+01
8.802175521850585938e+00
2.262964725494384766e+00
5.488619327545166016e+00
8.453549385070800781e+00
1.322420597076416016e+01
9.241397857666015625e+00
4.877293109893798828e+00
3.880082845687866211e+00
4.978597640991210938e+00
7.840920925140380859e+00
1.333128738403320312e+01
1.310637187957763672e+01
9.459316253662109375e+00
3.500604391098022461e+00
5.241448402404785156e+00
1.253453540802001953e+01
1.332991313934326172e+01
9.843596458435058594e+00
4.777529716491699219e+00
3.247507095336914062e+00
6.535977363586425781e+00
7.096599102020263672e+00
1.333978176116943359e+01
9.769767761230468750e+00
1.304071521759033203e+01
1.307118511199951172e+01
1.319771575927734375e+01
9.927707672119140625e+00
5.447231292724609375e+00
1.298379707336425781e+01
7.038979530334472656e+00
1.241395568847656250e+01
9.340707778930664062e+00
1.337279796600341797e+01
1.009179878234863281e+01
4.759704589843750000e+00
5.916056156158447266e+00
1.298592948913574219e+01
8.522727966308593750e+00
1.006637001037597656e+01
5.154544353485107422e+00
5.072831153869628906e+00
1.332925987243652344e+01
8.884888648986816406e+00
8.187227249145507812e+00
5.244802474975585938e+00
4.889404773712158203e+00
6.835855484008789062e+00
8.670896530151367188e+00
3.771581411361694336e+00
6.687368869781494141e+00
6.871726036071777344e+00
4.939869403839111328e+00
4.774903297424316406e+00
8.217659950256347656e+00
6.096301078796386719e+00
4.334620475769042969e+00
7.887254714965820312e+00
7.025174617767333984e+00
5.025494575500488281e+00
8.103387832641601562e+00
1.345882320404052734e+01
4.252682685852050781e+00
8.667298316955566406e+00
5.067804336547851562e+00
5.593247413635253906e+00
7.230885028839111328e+00
4.679728031158447266e+00
8.644104957580566406e+00
5.410382270812988281e+00
8.417617797851562500e+00
2.272459745407104492e+00
8.400751113891601562e+00
8.535589218139648438e+00
7.646205902099609375e+00
4.113849163055419922e+00
6.575106620788574219e+00
8.214048385620117188e+00
8.945717811584472656e+00
8.626859784126281738e-01
7.807030200958251953e+00
7.500703811645507812e+00
6.939795494079589844e+00
1.566787838935852051e+00
7.280005455017089844e+00
8.361007690429687500e+00
7.079317092895507812e+00
6.876327991485595703e+00
3.272083997726440430e+00
6.860317230224609375e+00
8.219166755676269531e+00
7.573814868927001953e+00
3.281049728393554688e+00
8.085375785827636719e+00
9.187117576599121094e+00
9.643076896667480469e+00
5.489944458007812500e+00
7.819497585296630859e+00
5.565095424652099609e+00
9.917877197265625000e+00
7.890519618988037109e+00
8.745070457458496094e+00
7.944653987884521484e+00
1.002288627624511719e+01
8.010132789611816406e+00
8.999414443969726562e+00
6.597671031951904297e+00
1.020425224304199219e+01
8.605595588684082031e+00
6.057147026062011719e+00
3.608364105224609375e+00
4.113414764404296875e+00
7.826698303222656250e+00
8.210599899291992188e+00
4.011443138122558594e+00
1.229173469543457031e+01
1.345493698120117188e+01
7.549479961395263672e+00
7.726759910583496094e+00
1.285111618041992188e+01
3.281376361846923828e+00
2.596838474273681641e+00
9.082266807556152344e+00
2.897538900375366211e+00
1.247217845916748047e+01
5.437383651733398438e+00
4.105580329895019531e+00
8.616517066955566406e+00
5.145982742309570312e+00
1.290167045593261719e+01
8.425736427307128906e+00
8.072609901428222656e+00
1.322436904907226562e+01
4.347520351409912109e+00
2.226725578308105469e+00
9.825431823730468750e+00
1.371828913688659668e+00
1.257828521728515625e+01
5.166452884674072266e+00
4.959674358367919922e+00
8.940635681152343750e+00
6.061464786529541016e+00
1.325537014007568359e+01
6.355362415313720703e+00
7.464124202728271484e+00
1.349270153045654297e+01
2.693586587905883789e+00
2.889589071273803711e+00
5.315759658813476562e+00
3.120982170104980469e+00
2.262340784072875977e+00
9.393094062805175781e+00
6.839835166931152344e+00
8.245096206665039062e+00
7.291070938110351562e+00
5.628190994262695312e+00
4.733298301696777344e+00
8.004675865173339844e+00
1.783460497856140137e+00
3.093511343002319336e+00
9.519547462463378906e+00
7.148530483245849609e+00
7.587430477142333984e+00
7.355105400085449219e+00
4.730554580688476562e+00
2.169524192810058594e+00
6.902265548706054688e+00
1.865684866905212402e+00
2.396856307983398438e+00
9.512581825256347656e+00
8.263318061828613281e+00
5.570750713348388672e+00
8.301238059997558594e+00
5.478600025177001953e+00
4.189413070678710938e+00
8.075201034545898438e+00
3.314712762832641602e+00
2.973525047302246094e+00
8.871269226074218750e+00
8.465530395507812500e+00
7.434271812438964844e+00
8.148118019104003906e+00
4.219043254852294922e+00
2.838336944580078125e+00
7.435363292694091797e+00
3.761315584182739258e+00
8.189038276672363281e+00
9.606775283813476562e+00
7.704946994781494141e+00
8.634033203125000000e+00
8.590703964233398438e+00
1.254445171356201172e+01
7.822365283966064453e+00
8.148980140686035156e+00
6.648881435394287109e+00
8.218554496765136719e+00
3.875653505325317383e+00
3.152663707733154297e+00
7.497424125671386719e+00
3.544219970703125000e+00
1.312555503845214844e+01
6.512888431549072266e+00
8.092877388000488281e+00
4.987993717193603516e+00
8.076324462890625000e+00
3.960515260696411133e+00
3.864332914352416992e+00
7.632015705108642578e+00
2.621779918670654297e+00
1.346987819671630859e+01
7.417631626129150391e+00
8.286032676696777344e+00
7.005535602569580078e+00
1.346979904174804688e+01
4.144878387451171875e+00
3.641017436981201172e+00
7.858031749725341797e+00
3.491374254226684570e+00
5.401641845703125000e+00
8.540899276733398438e+00
5.153460025787353516e+00
1.326173973083496094e+01
4.935359954833984375e+00
8.563500404357910156e+00
2.312490940093994141e+00
8.149218559265136719e+00
8.383262634277343750e+00
7.734404087066650391e+00
3.966512203216552734e+00
8.246163368225097656e+00
4.217573165893554688e+00
5.914638042449951172e+00
7.542978763580322266e+00
7.065482139587402344e+00
5.245486259460449219e+00
8.449130058288574219e+00
4.069696426391601562e+00
5.917400360107421875e+00
6.944033622741699219e+00
8.483298301696777344e+00
3.975057125091552734e+00
8.421153068542480469e+00
3.971927881240844727e+00
6.384932518005371094e+00
8.178944587707519531e+00
7.909762382507324219e+00
3.462584018707275391e+00
6.947402000427246094e+00
3.655114650726318359e+00
7.773349761962890625e+00
6.193556785583496094e+00
6.985248088836669922e+00
1.328651332855224609e+01
6.201004028320312500e+00
1.329605197906494141e+01
8.727560997009277344e+00
7.422063350677490234e+00
7.041483879089355469e+00
7.848398685455322266e+00
5.620066642761230469e+00
9.821615219116210938e+00
7.879954814910888672e+00
9.181378364562988281e+00
7.905945777893066406e+00
9.503649711608886719e+00
7.606853008270263672e+00
5.626272678375244141e+00
1.304105567932128906e+01
8.589963912963867188e+00
8.557252883911132812e+00
6.960386753082275391e+00
5.538022518157958984e+00
8.231934547424316406e+00
5.747719287872314453e+00
7.768009662628173828e+00
8.336785316467285156e+00
4.452918052673339844e+00
6.878966331481933594e+00
6.741832256317138672e+00
6.264139652252197266e+00
7.506752490997314453e+00
6.150172710418701172e+00
7.144008159637451172e+00
9.654212951660156250e+00
6.918973445892333984e+00
7.410724639892578125e+00
9.495345115661621094e+00
6.795059680938720703e+00
7.554909229278564453e+00
9.771584510803222656e+00
9.263865470886230469e+00
7.544732570648193359e+00
8.584279060363769531e+00
7.122717857360839844e+00
5.744685649871826172e+00
8.090240478515625000e+00
3.470718622207641602e+00
6.423423290252685547e+00
8.262138366699218750e+00
3.257890701293945312e+00
5.387581825256347656e+00
6.157614707946777344e+00
9.974143981933593750e+00
6.826029777526855469e+00
8.676480293273925781e+00
8.664220809936523438e+00
9.385047912597656250e+00
8.728582382202148438e+00
6.691247940063476562e+00
9.237130165100097656e+00
6.427239418029785156e+00
8.129589080810546875e+00
8.532219886779785156e+00
8.178185462951660156e+00
7.620666980743408203e+00
6.742856502532958984e+00
6.488366603851318359e+00
8.771789550781250000e+00
8.007732391357421875e+00
7.887623786926269531e+00
8.098624229431152344e+00
9.367931365966796875e+00
5.841609954833984375e+00
7.078099727630615234e+00
1.007865905761718750e+01
4.981460571289062500e+00
7.979935169219970703e+00
7.129124164581298828e+00
5.176939964294433594e+00
1.048672866821289062e+01
6.087385177612304688e+00
7.675617694854736328e+00
1.071145820617675781e+01
7.360575199127197266e+00
9.092791557312011719e+00
9.340338706970214844e+00
6.609879016876220703e+00
9.122598648071289062e+00
7.391980171203613281e+00
7.231380939483642578e+00
7.113680839538574219e+00
1.050902652740478516e+01
5.427793025970458984e+00
9.333655357360839844e+00
9.080061912536621094e+00
4.976501941680908203e+00
9.456426620483398438e+00
6.529329776763916016e+00
5.783286094665527344e+00
9.453814506530761719e+00
5.941068172454833984e+00
6.927036285400390625e+00
7.507147312164306641e+00
9.187116622924804688e+00
5.228842258453369141e+00
7.747753143310546875e+00
9.099729537963867188e+00
5.146631240844726562e+00
8.419376373291015625e+00
8.279626846313476562e+00
3.520747900009155273e+00
8.742775917053222656e+00
7.025661945343017578e+00
7.185432434082031250e+00
3.444934368133544922e+00
9.057155609130859375e+00
5.863357067108154297e+00
4.923719406127929688e+00
8.810946464538574219e+00
6.072159767150878906e+00
6.655661582946777344e+00
6.756825447082519531e+00
6.376730442047119141e+00
5.269790649414062500e+00
7.511237144470214844e+00
3.733305215835571289e+00
7.284303665161132812e+00
8.441626548767089844e+00
8.478802680969238281e+00
1.018648338317871094e+01
6.831952095031738281e+00
7.693394184112548828e+00
8.504014968872070312e+00
6.935899257659912109e+00
6.691915035247802734e+00
8.885294914245605469e+00
6.713325977325439453e+00
6.132194995880126953e+00
9.142493247985839844e+00
6.441567897796630859e+00
6.477940082550048828e+00
8.775879859924316406e+00
6.139093875885009766e+00
8.482291221618652344e+00
8.237410545349121094e+00
7.679028511047363281e+00
8.484032630920410156e+00
7.382166385650634766e+00
8.393274307250976562e+00
4.055311203002929688e+00
9.166818618774414062e+00
8.223908424377441406e+00
5.220371723175048828e+00
5.303475379943847656e+00
9.392688751220703125e+00
7.640703678131103516e+00
6.800464153289794922e+00
9.400663375854492188e+00
6.851510047912597656e+00
7.691047191619873047e+00
8.825429916381835938e+00
7.646454334259033203e+00
7.999459743499755859e+00
9.096329689025878906e+00
5.309141159057617188e+00
7.853332042694091797e+00
9.148417472839355469e+00
9.215310096740722656e+00
7.950210094451904297e+00
7.097245216369628906e+00
8.757912635803222656e+00
8.858364105224609375e+00
8.731363296508789062e+00
7.725776195526123047e+00
8.832823753356933594e+00
7.312743186950683594e+00
5.747320175170898438e+00
7.553625583648681641e+00
1.465392231941223145e+00
1.796549797058105469e+00
1.477725505828857422e+00
1.448511123657226562e+00
1.963268995285034180e+00
1.922903060913085938e+00
6.646173596382141113e-01
1.198820471763610840e+00
2.542227745056152344e+00
2.432389259338378906e+00
1.946968674659729004e+00
2.089756250381469727e+00
2.042207479476928711e+00
1.852197170257568359e+00
1.768808007240295410e+00
1.251387357711791992e+00
2.557018280029296875e+00
2.405674219131469727e+00
1.697974443435668945e+00
1.553358793258666992e+00
1.985696315765380859e+00
1.869012832641601562e+00
2.789988040924072266e+00
2.321587800979614258e+00
1.664592146873474121e+00
1.769935607910156250e+00
1.947506427764892578e+00
1.770028471946716309e+00
1.417456626892089844e+00
1.627240300178527832e+00
1.430267333984375000e+00
2.765527486801147461e+00
2.173781633377075195e+00
1.443505525588989258e+00
1.610265016555786133e+00
2.061575889587402344e+00
1.761868715286254883e+00
1.751075029373168945e+00
2.163519620895385742e+00
1.948228597640991211e+00
1.531374573707580566e+00
1.583016991615295410e+00
1.533498764038085938e+00
1.651243209838867188e+00
1.906271934509277344e+00
1.554247617721557617e+00
1.390315294265747070e+00
1.650349140167236328e+00
1.534476518630981445e+00
1.508232951164245605e+00
2.023958206176757812e+00
2.273202419281005859e+00
2.192722797393798828e+00
2.333512544631958008e+00
2.751580715179443359e+00
2.037057399749755859e+00
1.778087973594665527e+00
1.652451515197753906e+00
1.064263105392456055e+00
1.780182957649230957e+00
1.878807544708251953e+00
1.603410720825195312e+00
1.617171645164489746e+00
1.422189593315124512e+00
1.313186168670654297e+00
1.589509129524230957e+00
1.969463944435119629e+00
1.783560752868652344e+00
1.333074450492858887e+00
1.558004856109619141e+00
1.229301333427429199e+00
1.613579750061035156e+00
2.001226186752319336e+00
1.983105659484863281e+00
1.491431951522827148e+00
1.578716158866882324e+00
1.338896632194519043e+00
1.703545570373535156e+00
2.147241830825805664e+00
2.000221967697143555e+00
1.475610256195068359e+00
8.504219651222229004e-01
9.776578545570373535e-01
1.889542460441589355e+00
2.157641410827636719e+00
2.160718202590942383e+00
1.438763260841369629e+00
1.411815166473388672e+00
1.159883975982666016e+00
9.047499299049377441e-01
1.207632780075073242e+00
1.007810235023498535e+00
1.255366683006286621e+00
1.059174776077270508e+00
1.095456361770629883e+00
1.220144510269165039e+00
7.525644898414611816e-01
8.163745403289794922e-01
8.461997509002685547e-01
1.135787963867187500e+00
8.006928563117980957e-01
1.124396324157714844e+00
1.969740033149719238e+00
1.228228926658630371e+00
1.005076885223388672e+00
8.848105669021606445e-01
1.975399494171142578e+00
1.182824969291687012e+00
1.078313589096069336e+00
1.047901391983032227e+00
2.031117916107177734e+00
8.476877212524414062e-01
1.189959645271301270e+00
2.947024106979370117e-01
2.051123857498168945e+00
1.243019223213195801e+00
1.245103478431701660e+00
2.094180107116699219e+00
1.600298881530761719e+00
7.470777034759521484e-01
1.265728712081909180e+00
1.927853226661682129e+00
2.231495857238769531e+00
1.720948815345764160e+00
1.213770866394042969e+00
1.113402009010314941e+00
2.094336748123168945e+00
1.311518192291259766e+00
1.069513678550720215e+00
1.167997956275939941e+00
1.930172801017761230e+00
1.112607598304748535e+00
9.161702990531921387e-01
1.163804531097412109e+00
1.225413918495178223e+00
1.235384106636047363e+00
9.513676166534423828e-01
1.166578173637390137e+00
1.388651490211486816e+00
9.862179756164550781e-01
1.097006440162658691e+00
1.224853992462158203e+00
1.229402661323547363e+00
1.331210613250732422e+00
1.185721158981323242e+00
1.399862289428710938e+00
1.261406540870666504e+00
1.166943311691284180e+00
1.062420248985290527e+00
1.206404209136962891e+00
4.103482067584991455e-01
1.128350734710693359e+00
4.741317033767700195e-01
1.509505748748779297e+00
4.025394320487976074e-01
7.313728332519531250e-01
1.503768444061279297e+00
1.266315817832946777e+00
7.702110409736633301e-01
7.571714520454406738e-01
1.706911087036132812e+00
1.967100143432617188e+00
0.000000000000000000e+00
1.166360974311828613e+00
1.555579304695129395e+00
2.143125534057617188e+00
1.943863511085510254e+00
1.113465785980224609e+00
1.049114346504211426e+00
1.055932760238647461e+00
1.667506575584411621e+00
1.112792968750000000e+00
7.631968855857849121e-01
1.123659968376159668e+00
1.649625420570373535e+00
8.347666859626770020e-01
1.355476140975952148e+00
1.000515341758728027e+00
1.557288408279418945e+00
1.316463112831115723e+00
1.088026165962219238e+00
1.258574843406677246e+00
1.749446034431457520e+00
9.903865456581115723e-01
3.047006428241729736e-01
5.817195773124694824e-01
1.588227272033691406e+00
1.383323907852172852e+00
8.322333693504333496e-01
9.943406581878662109e-01
1.543192386627197266e+00
2.147439956665039062e+00
8.153816461563110352e-01
9.327929019927978516e-01
1.422391772270202637e+00
2.757917165756225586e+00
1.165261030197143555e+00
2.251474618911743164e+00
6.018237471580505371e-01
1.211244225502014160e+00
1.579650044441223145e+00
2.773161649703979492e+00
1.362745881080627441e+00
2.318465471267700195e+00
1.405647277832031250e+00
1.312282919883728027e+00
1.426447033882141113e+00
2.617473125457763672e+00
1.722537040710449219e+00
1.945354461669921875e+00
2.339527130126953125e+00
2.146884202957153320e+00
1.929442524909973145e+00
2.144250631332397461e+00
2.230779409408569336e+00
2.280294895172119141e+00
4.641549885272979736e-01
1.563916563987731934e+00
1.523190617561340332e+00
2.604155778884887695e+00
1.735828638076782227e+00
2.255945444107055664e+00
2.196881532669067383e+00
1.087030172348022461e+00
1.449620723724365234e+00
1.575730800628662109e+00
2.626789569854736328e+00
1.619285225868225098e+00
2.082101106643676758e+00
8.696482777595520020e-01
1.260699629783630371e+00
2.241518020629882812e+00
1.410093069076538086e+00
1.866182923316955566e+00
1.024423003196716309e+00
1.431483626365661621e+00
1.908056497573852539e+00
1.487884640693664551e+00
1.316968321800231934e+00
2.131487369537353516e+00
7.947465777397155762e-01
1.789151072502136230e+00
1.865879297256469727e+00
1.480201840400695801e+00
1.643099069595336914e+00
7.190146446228027344e-01
1.937179088592529297e+00
2.205970048904418945e+00
1.421880602836608887e+00
2.052882194519042969e+00
3.185772895812988281e-01
1.931748986244201660e+00
2.355694293975830078e+00
1.363941073417663574e+00
2.222033262252807617e+00
4.575688540935516357e-01
1.719953775405883789e+00
1.702307939529418945e+00
2.274573087692260742e+00
1.222512483596801758e+00
1.775490641593933105e+00
1.870428204536437988e+00
2.350649356842041016e+00
1.203844189643859863e+00
1.602724909782409668e+00
1.913044929504394531e+00
1.825867176055908203e+00
2.427770137786865234e+00
2.243732213973999023e+00
2.141055345535278320e+00
2.307126283645629883e+00
1.219508409500122070e+00
1.484347462654113770e+00
1.869153976440429688e+00
2.812475204467773438e+00
1.084616780281066895e+00
1.548367142677307129e+00
1.545456051826477051e+00
2.801806688308715820e+00
1.323995947837829590e+00
1.470004796981811523e+00
1.594567298889160156e+00
2.724185228347778320e+00
1.955275177955627441e+00
1.504085183143615723e+00
1.975908160209655762e+00
1.755582213401794434e+00
2.634564399719238281e+00
1.450731158256530762e+00
1.965770244598388672e+00
1.825597047805786133e+00
2.617479085922241211e+00
1.340944170951843262e+00
2.027714729309082031e+00
1.787781715393066406e+00
1.708580493927001953e+00
1.581190347671508789e+00
2.048951864242553711e+00
1.757939100265502930e+00
1.663999795913696289e+00
2.059685230255126953e+00
1.637296080589294434e+00
1.767735362052917480e+00
2.233204603195190430e+00
9.590282440185546875e-01
1.966798305511474609e+00
1.887689828872680664e+00
2.551908254623413086e+00
1.142334103584289551e+00
1.827554225921630859e+00
2.211812973022460938e+00
2.082919597625732422e+00
1.923528671264648438e+00
2.445610523223876953e+00
1.063667297363281250e+00
2.197837591171264648e+00
2.553482770919799805e+00
1.223638415336608887e+00
2.260250091552734375e+00
2.491256475448608398e+00
1.493118762969970703e+00
2.758745670318603516e+00
2.419657230377197266e+00
1.767878890037536621e+00
2.687625169754028320e+00
2.410522937774658203e+00
1.898750901222229004e+00
2.681333780288696289e+00
2.369718790054321289e+00
1.905922889709472656e+00
2.559887886047363281e+00
2.354686975479125977e+00
1.863836526870727539e+00
2.273431539535522461e+00
1.557512283325195312e+00
1.590181350708007812e+00
1.533026933670043945e+00
1.954815864562988281e+00
2.346951484680175781e+00
1.098123311996459961e+00
1.458242893218994141e+00
1.466803193092346191e+00
1.695932626724243164e+00
1.933108568191528320e+00
1.631377816200256348e+00
1.757512331008911133e+00
1.416808724403381348e+00
1.628868579864501953e+00
1.470416784286499023e+00
9.943071007728576660e-01
1.641334295272827148e+00
1.618596315383911133e+00
1.318611979484558105e+00
1.658751726150512695e+00
2.316151857376098633e+00
1.741775393486022949e+00
1.428015589714050293e+00
1.788630723953247070e+00
1.831512093544006348e+00
1.671848654747009277e+00
1.653186321258544922e+00
1.859670639038085938e+00
1.958630084991455078e+00
2.017433166503906250e+00
1.089358925819396973e+00
2.014144897460937500e+00
1.984042525291442871e+00
1.933450937271118164e+00
