2.209950685501098633e+00
-2.725494146347045898e+00
8.655779838562011719e+00
-3.429352998733520508e+00
8.457165718078613281e+00
9.054099082946777344e+00
3.184654951095581055e+00
8.114107131958007812e+00
3.749844729900360107e-01
9.006381988525390625e+00
7.603451728820800781e+00
8.276176452636718750e+00
9.060316085815429688e+00
9.053745269775390625e+00
-2.560586214065551758e+00
4.551085531711578369e-01
7.585700988769531250e+00
8.946632385253906250e+00
-4.705619812011718750e+00
8.750175476074218750e+00
9.287550926208496094e+00
5.012179613113403320e-01
8.513415336608886719e+00
-6.374275684356689453e-01
9.232023239135742188e+00
8.295973777770996094e+00
8.681517601013183594e+00
9.347923278808593750e+00
9.275993347167968750e+00
-1.821707725524902344e+00
-9.586245417594909668e-01
9.228934288024902344e+00
7.482039332389831543e-01
8.831483840942382812e+00
9.555976867675781250e+00
9.504898071289062500e+00
9.050590515136718750e+00
9.500641822814941406e+00
-1.243205070495605469e+00
-1.805658787488937378e-01
-2.061171293258666992e+00
1.138110923767089844e+01
1.398463129997253418e+00
-3.202057480812072754e-01
5.444946885108947754e-01
1.208249950408935547e+01
2.090600967407226562e+00
2.262737601995468140e-01
1.787039190530776978e-01
1.249719715118408203e+01
4.863840043544769287e-01
5.064023658633232117e-02
-2.240769386291503906e+00
1.279311466217041016e+01
-1.732641756534576416e-01
-1.397358626127243042e-01
-3.662082850933074951e-01
1.302359676361083984e+01
-1.475410938262939453e+00
-3.589244186878204346e-01
9.303157776594161987e-02
1.321456146240234375e+01
-5.953557491302490234e-01
5.694721937179565430e-01
-9.602928161621093750e-01
7.732075452804565430e-01
5.471611618995666504e-01
-1.019323348999023438e+00
-1.037634238600730896e-01
3.404201030731201172e+00
3.933963775634765625e-01
-1.454698920249938965e+00
5.095143914222717285e-01
3.448522388935089111e-01
-2.223831266164779663e-01
-1.849991202354431152e+00
1.726762056350708008e-01
9.453156471252441406e+00
2.992837667465209961e+00
9.105925559997558594e+00
9.740976333618164062e+00
9.280053138732910156e+00
6.626737117767333984e-01
9.684408187866210938e+00
1.119383096694946289e+00
-3.668487668037414551e-01
6.206955909729003906e-01
2.928661406040191650e-01
4.524431228637695312e-01
-1.553467512130737305e+00
1.371843695640563965e+00
4.860153496265411377e-01
-1.595992207527160645e+00
-2.213151901960372925e-01
-3.442517995834350586e+00
-1.662273287773132324e+00
1.096845790743827820e-01
-2.973591983318328857e-01
4.341065287590026855e-01
-2.786258220672607422e+00
-1.200965881347656250e+00
1.633899062871932983e-01
-7.821871042251586914e-01
2.101220190525054932e-02
-1.288518428802490234e+00
-1.894418001174926758e+00
9.113556146621704102e-01
-1.766010522842407227e-01
3.065732479095458984e+00
-6.137502193450927734e-01
-4.189411401748657227e-01
7.721413373947143555e-01
-2.011141300201416016e+00
2.096329212188720703e+00
1.922598928213119507e-01
-3.786824226379394531e+00
-4.884735941886901855e-01
-1.471577286720275879e+00
1.083050608634948730e+00
-2.335940837860107422e+00
-1.514150619506835938e+00
-5.345115065574645996e-01
-1.387574791908264160e+00
1.157475590705871582e+00
-1.327076435089111328e+00
-2.563891172409057617e+00
2.422945499420166016e-01
2.322062492370605469e+00
2.121022462844848633e+00
-1.306659102439880371e+00
-3.328665971755981445e+00
1.164976358413696289e+00
8.485001921653747559e-01
3.070024847984313965e-01
9.634028434753417969e+00
7.920966148376464844e-01
9.327795028686523438e+00
9.454259872436523438e+00
-1.840479373931884766e+00
2.013371467590332031e+00
4.057905673980712891e-01
-1.377935767173767090e+00
-1.801371425390243530e-01
5.010091662406921387e-01
1.952631950378417969e+00
-6.409777998924255371e-01
-7.834702730178833008e-01
1.093703460693359375e+01
-2.565017342567443848e-01
2.105404615402221680e+00
1.006260067224502563e-01
1.620502471923828125e+00
2.526381611824035645e-02
1.163389492034912109e+01
-5.651137828826904297e-01
1.204372286796569824e+00
1.083635425567626953e+01
2.012476205825805664e+00
1.402815431356430054e-01
1.203799819946289062e+01
-9.271607995033264160e-01
2.170355319976806641e+00
1.154180622100830078e+01
1.775400519371032715e+00
1.396698653697967529e-01
1.232702636718750000e+01
-4.956232309341430664e-01
1.305012226104736328e+00
1.193356800079345703e+01
2.957444667816162109e+00
1.141911792755126953e+01
1.037220001220703125e+00
-1.070776581764221191e+00
1.254935455322265625e+01
-2.533020675182342529e-01
2.828502416610717773e+00
1.224542617797851562e+01
5.692914128303527832e-01
1.174159336090087891e+01
3.457403741776943207e-03
-2.025244951248168945e+00
1.273570537567138672e+01
9.468657374382019043e-01
1.688007593154907227e+00
1.246911144256591797e+01
2.344227075576782227e+00
1.200879287719726562e+01
1.144993686676025391e+01
1.272643327713012695e+00
-1.646816253662109375e+00
2.209797620773315430e+00
1.168891429901123047e+00
1.265788745880126953e+01
2.050821542739868164e+00
1.223043346405029297e+01
1.182831192016601562e+01
1.068659019470214844e+01
1.485560059547424316e+00
1.174833416938781738e+00
-6.875255107879638672e-01
2.101197004318237305e+00
3.115064859390258789e+00
1.075506401062011719e+01
1.241175460815429688e+01
1.213107013702392578e+01
1.137514019012451172e+01
1.889941096305847168e+00
3.814043760299682617e+00
2.917190790176391602e+00
-1.429922431707382202e-01
3.054738283157348633e+00
2.756151199340820312e+00
1.146592426300048828e+01
1.236478996276855469e+01
1.178953933715820312e+01
1.067425537109375000e+01
1.577667951583862305e+00
3.223604202270507812e+00
-4.819571077823638916e-01
3.355304956436157227e+00
9.480879783630371094e+00
-9.061188101768493652e-01
2.996359109878540039e+00
5.302312374114990234e-01
2.696160793304443359e+00
2.573610305786132812e+00
1.188250064849853516e+01
1.256764984130859375e+01
1.208724403381347656e+01
1.139487743377685547e+01
1.631939530372619629e+00
1.065496444702148438e+01
4.374643802642822266e+00
2.532440662384033203e+00
-1.615738511085510254e+00
-5.930567383766174316e-01
4.008052349090576172e+00
1.218538665771484375e+01
1.232059288024902344e+01
1.180994510650634766e+01
-3.045118749141693115e-01
1.135260105133056641e+01
2.851731538772583008e+00
1.168194770812988281e+01
8.183781504631042480e-01
8.936291337013244629e-01
-6.777104735374450684e-01
3.862624645233154297e+00
1.241016197204589844e+01
1.252546310424804688e+01
1.211769008636474609e+01
3.740464746952056885e-01
1.177402877807617188e+01
1.060850620269775391e+01
1.195545578002929688e+01
1.002297163009643555e+00
4.328573703765869141e+00
-3.949822783470153809e-01
-1.314532458782196045e-01
2.651845216751098633e+00
3.903612613677978516e+00
1.261126995086669922e+01
1.235525894165039062e+01
-4.361132383346557617e-01
1.207680606842041016e+01
1.129559326171875000e+01
1.218712234497070312e+01
1.503142118453979492e+00
1.918749809265136719e+00
4.531259536743164062e+00
5.181347131729125977e-01
-3.673325106501579285e-02
2.884588718414306641e+00
4.193171024322509766e+00
1.254266548156738281e+01
-1.865623712539672852e+00
1.230788898468017578e+01
1.169868373870849609e+01
1.236787986755371094e+01
-4.751442372798919678e-01
2.873524427413940430e+00
2.317822933197021484e+00
1.030865573883056641e+01
5.307516098022460938e+00
1.837256193161010742e+00
-2.558158397674560547e+00
2.373951435089111328e+00
4.336020469665527344e+00
1.063180255889892578e+01
1.249374008178710938e+01
1.200118732452392578e+01
1.057721614837646484e+01
1.064188861846923828e+01
1.044500923156738281e+01
1.106108188629150391e+01
1.049259090423583984e+01
1.668518662452697754e+00
-1.523347198963165283e-01
-8.144436478614807129e-01
4.226705551147460938e+00
1.133271217346191406e+01
1.221552276611328125e+01
1.127649307250976562e+01
1.133504867553710938e+01
1.115291500091552734e+01
1.147644519805908203e+01
1.117797565460205078e+01
1.140742111206054688e+01
-4.145992919802665710e-02
1.056776237487792969e+01
4.589934945106506348e-01
3.045217275619506836e+00
1.174850082397460938e+01
1.240773773193359375e+01
1.168137836456298828e+01
1.173509120941162109e+01
1.157284736633300781e+01
1.176357555389404297e+01
1.158301734924316406e+01
1.180623626708984375e+01
7.625161409378051758e-01
1.307214982807636261e-02
1.126141452789306641e+01
2.755219042301177979e-01
2.768708705902099609e+00
1.205392837524414062e+01
1.197780799865722656e+01
1.201311302185058594e+01
1.186225986480712891e+01
1.198721313476562500e+01
1.187086582183837891e+01
1.204359340667724609e+01
1.174490928649902344e+00
1.441628217697143555e+00
1.165638637542724609e+01
-4.921153783798217773e-01
2.652953147888183594e+00
1.227788066864013672e+01
1.220561313629150391e+01
1.224456310272216797e+01
1.209254550933837891e+01
1.216461277008056641e+01
1.209007453918457031e+01
1.222497177124023438e+01
5.907829999923706055e-01
-9.065051674842834473e-01
1.702767372131347656e+00
7.370932102203369141e-01
4.837325215339660645e-02
1.193301296234130859e+01
-5.412920713424682617e-01
1.745335578918457031e+00
1.246266365051269531e+01
1.239616298675537109e+01
1.243029975891113281e+01
1.228982162475585938e+01
1.227387237548828125e+01
-2.930305004119873047e-01
3.970494568347930908e-01
1.215410232543945312e+01
2.329822540283203125e+00
1.029575634002685547e+01
-4.233985766768455505e-02
1.130759239196777344e+00
1.233113288879394531e+01
1.103160381317138672e-01
1.097865295410156250e+01
-1.346448183059692383e+00
1.031408667564392090e+00
2.404675632715225220e-01
1.138328075408935547e+01
-2.573166608810424805e+00
6.294084191322326660e-01
2.242911338806152344e+00
1.166942787170410156e+01
-1.139149904251098633e+00
4.116498231887817383e-01
1.400671720504760742e+00
1.189243507385253906e+01
-4.975942373275756836e-01
7.289677262306213379e-01
6.760655343532562256e-02
1.207722949981689453e+01
1.031356143951416016e+01
1.010943651199340820e+00
3.124205768108367920e-01
1.100472259521484375e+01
9.078513383865356445e-01
1.780014753341674805e+00
1.141176891326904297e+01
1.335481882095336914e+00
4.993228912353515625e-01
1.169859695434570312e+01
-1.661592006683349609e+00
-2.410270452499389648e+00
-1.307591795921325684e+00
3.313635826110839844e+00
3.196732759475708008e+00
3.314408779144287109e+00
1.186179995536804199e+00
1.149279832839965820e+00
1.191198253631591797e+01
-1.141455769538879395e+00
3.083284497261047363e-01
1.209723758697509766e+01
9.335972785949707031e+00
-8.828145265579223633e-01
9.989833831787109375e+00
2.373775243759155273e+00
1.035957050323486328e+01
-3.428547382354736328e-01
1.058528232574462891e+01
2.093050718307495117e+00
1.081505107879638672e+01
2.662334918975830078e+00
1.095408916473388672e+01
9.558697938919067383e-01
6.712319254875183105e-01
2.276196718215942383e+00
-4.654088020324707031e-01
-1.362784981727600098e+00
-2.112968444824218750e+00
8.287714958190917969e+00
8.322963714599609375e+00
8.371195793151855469e+00
-3.490566730499267578e+00
5.711742639541625977e-01
1.384677171707153320e+00
9.664313793182373047e-01
6.559681892395019531e-01
1.537013888359069824e+00
-6.567795872688293457e-01
9.213892817497253418e-01
1.769746184349060059e+00
8.876267075538635254e-01
-3.111137151718139648e-01
1.206496357917785645e+00
-3.116695165634155273e+00
-1.270616412162780762e+00
-1.623069763183593750e+00
8.980773925781250000e+00
9.023644447326660156e+00
9.064908027648925781e+00
-3.473583936691284180e+00
7.891411781311035156e-01
2.364871054887771606e-01
-1.073023080825805664e+00
5.797693133354187012e-01
1.184680342674255371e+00
1.683438181877136230e+00
9.016600996255874634e-02
1.359641700983047485e-01
1.667902231216430664e+00
2.415366411209106445e+00
-9.174522012472152710e-03
1.593794941902160645e+00
4.366656839847564697e-01
7.321377992630004883e-01
8.425503730773925781e+00
9.382995605468750000e+00
9.421395301818847656e+00
9.471010208129882812e+00
-2.719244480133056641e+00
2.202646732330322266e+00
2.949239492416381836e+00
4.195872306823730469e+00
3.937876939773559570e+00
1.743192374706268311e-01
3.357963800430297852e+00
4.444620132446289062e+00
4.625849246978759766e+00
1.699431657791137695e+00
3.557084083557128906e+00
3.621854305267333984e+00
2.722394704818725586e+00
-1.523869156837463379e+00
4.036390483379364014e-01
9.108595848083496094e+00
9.668657302856445312e+00
9.709135055541992188e+00
9.755064010620117188e+00
-4.508022308349609375e+00
3.138026714324951172e+00
4.098890304565429688e+00
4.332392215728759766e+00
4.189877033233642578e+00
3.147170066833496094e+00
1.554947733879089355e+00
-1.986608743667602539e+00
-5.002699851989746094e+00
-3.862797021865844727e+00
-3.894814729690551758e+00
1.564607024192810059e+00
8.276486396789550781e+00
9.179838180541992188e+00
-3.577561855316162109e+00
8.969119071960449219e+00
9.479103088378906250e+00
-6.059380173683166504e-01
8.806260108947753906e+00
-2.999199867248535156e+00
9.409041404724121094e+00
8.698907852172851562e+00
8.965780258178710938e+00
9.566329002380371094e+00
9.442617416381835938e+00
7.936618804931640625e+00
-1.799643397331237793e+00
-3.588207721710205078e+00
-4.934186339378356934e-01
9.504110336303710938e+00
9.878163337707519531e+00
9.929900169372558594e+00
9.971793174743652344e+00
-3.551192045211791992e+00
-6.525181770324707031e+00
-2.372096538543701172e+00
-4.275280952453613281e+00
-4.975096702575683594e+00
-1.427323937416076660e+00
7.055570602416992188e+00
-7.846374511718750000e-01
7.213645458221435547e+00
-4.671008586883544922e+00
-5.252353668212890625e+00
7.132157325744628906e+00
1.022416830062866211e+00
2.320001602172851562e+00
2.727553844451904297e+00
-5.383870601654052734e+00
-1.444252371788024902e+00
8.223950386047363281e+00
4.838774204254150391e+00
7.072391510009765625e+00
6.204903602600097656e+00
6.385638236999511719e+00
8.483607292175292969e+00
8.524446487426757812e+00
-2.653075933456420898e+00
6.654918193817138672e+00
-4.393458366394042969e+00
-1.283639550209045410e+00
7.746176719665527344e+00
-1.925698876380920410e+00
7.470780372619628906e+00
6.519937038421630859e+00
7.095166683197021484e+00
7.538349628448486328e+00
6.908603191375732422e+00
6.271627426147460938e+00
2.298627138137817383e+00
-5.249215126037597656e+00
-1.867652386426925659e-01
8.422896385192871094e+00
2.009976863861083984e+00
7.475001335144042969e+00
6.987357616424560547e+00
2.718941926956176758e+00
6.793330192565917969e+00
5.803410530090332031e+00
3.420184254646301270e-01
7.349399089813232422e+00
-3.475657939910888672e+00
-8.200755715370178223e-01
8.154513359069824219e+00
4.929279088973999023e-01
7.610289573669433594e+00
7.210903167724609375e+00
7.785665988922119141e+00
7.832862377166748047e+00
7.601805686950683594e+00
6.819913864135742188e+00
3.552759885787963867e+00
-4.494946956634521484e+00
-3.179671525955200195e+00
8.546342849731445312e+00
9.955865144729614258e-01
7.766760349273681641e+00
7.661735534667968750e+00
2.219820618629455566e-01
7.099520683288574219e+00
6.527490615844726562e+00
1.439208239316940308e-01
7.760041236877441406e+00
-5.124287128448486328e+00
-1.624519586563110352e+00
8.442257881164550781e+00
1.658465743064880371e+00
7.617360591888427734e+00
8.192550659179687500e+00
8.055830001831054688e+00
7.897349357604980469e+00
7.177216053009033203e+00
2.583793163299560547e+00
-4.603952884674072266e+00
-3.740204334259033203e+00
8.809402465820312500e+00
1.369398713111877441e+00
7.991509914398193359e+00
8.068398475646972656e+00
1.075016856193542480e+00
7.303219795227050781e+00
7.031228542327880859e+00
-2.004743218421936035e-01
8.048588752746582031e+00
-4.088777542114257812e+00
-1.925603866577148438e+00
8.664319038391113281e+00
6.384652137756347656e+00
7.904577255249023438e+00
8.480044364929199219e+00
8.235876083374023438e+00
8.190062522888183594e+00
7.299714088439941406e+00
3.271304368972778320e+00
-5.381363868713378906e+00
-4.438170433044433594e+00
-3.494257688522338867e+00
8.174551010131835938e+00
8.356201171875000000e+00
-3.462391793727874756e-01
7.286172389984130859e+00
-4.661919549107551575e-02
8.270586967468261719e+00
6.975697994232177734e+00
7.009633064270019531e+00
8.849328994750976562e+00
7.149198055267333984e+00
8.134388923645019531e+00
8.706050872802734375e+00
8.415386199951171875e+00
7.550871849060058594e+00
3.379617929458618164e+00
-4.641867160797119141e+00
6.909223556518554688e+00
-3.829391956329345703e+00
8.586015701293945312e+00
6.252009868621826172e+00
7.574894905090332031e+00
-3.396567702293395996e-01
8.442207336425781250e+00
7.660074710845947266e+00
7.670805454254150391e+00
7.345133304595947266e+00
8.303482055664062500e+00
8.879052162170410156e+00
8.643811225891113281e+00
7.890003681182861328e+00
3.557053327560424805e+00
-5.370860099792480469e+00
7.597630977630615234e+00
-3.670787572860717773e+00
8.757784843444824219e+00
6.909590721130371094e+00
7.755448341369628906e+00
3.500482738018035889e-01
8.064048767089843750e+00
8.061757087707519531e+00
7.540616989135742188e+00
3.544999837875366211e+00
-2.198619127273559570e+00
8.008353233337402344e+00
-5.340417861938476562e+00
7.303559780120849609e+00
-2.103097200393676758e+00
8.348845481872558594e+00
8.386195182800292969e+00
7.715819358825683594e+00
1.409945368766784668e+00
-2.018846035003662109e+00
8.286537170410156250e+00
-5.236264228820800781e+00
7.660999774932861328e+00
-2.235368490219116211e+00
-8.053115606307983398e-01
9.795454978942871094e+00
1.006197643280029297e+01
1.010348892211914062e+01
1.014947509765625000e+01
-3.478720903396606445e+00
9.296554565429687500e+00
-2.797301530838012695e+00
8.575787544250488281e+00
8.604744911193847656e+00
7.944019317626953125e+00
-1.758427917957305908e-01
-2.556307315826416016e+00
8.509332656860351562e+00
-5.956930160522460938e+00
7.879506111145019531e+00
-1.280098915100097656e+00
8.755123138427734375e+00
8.763819694519042969e+00
8.518964767456054688e+00
-9.573323130607604980e-01
8.689222335815429688e+00
-6.045717239379882812e+00
8.072544097900390625e+00
-2.452357769012451172e+00
9.171882629394531250e+00
6.669475138187408447e-02
-2.339747190475463867e+00
7.488307310268282890e-04
9.604475975036621094e+00
7.457368850708007812e+00
-3.016165018081665039e+00
6.164879351854324341e-02
9.960041999816894531e+00
8.147363662719726562e+00
-2.214213371276855469e+00
9.724736213684082031e+00
9.951642036437988281e+00
-2.346443414688110352e+00
-7.738669514656066895e-01
1.001241111755371094e+01
-2.702327728271484375e+00
4.998468875885009766e+00
8.820185661315917969e+00
7.588579654693603516e+00
-2.480156898498535156e+00
-1.454862833023071289e+00
1.019542503356933594e+01
-5.556737899780273438e+00
3.593073844909667969e+00
4.014146327972412109e+00
1.360327720642089844e+00
6.060394287109375000e+00
3.545116662979125977e+00
-2.256283283233642578e+00
-2.183173656463623047e+00
-6.835257530212402344e+00
1.576659798622131348e+00
1.401537299156188965e+00
-1.163364529609680176e+00
4.226583957672119141e+00
-4.979435205459594727e-01
1.832308471202850342e-01
-3.345585107803344727e+00
-2.103840589523315430e+00
-4.389014720916748047e+00
1.497102379798889160e+00
3.018759727478027344e+00
4.602183103561401367e-01
1.107740759849548340e+00
9.764095395803451538e-02
-2.596221268177032471e-01
-9.964591264724731445e-02
-3.565477848052978516e+00
-4.876051843166351318e-01
8.665026664733886719e+00
-2.482345581054687500e+00
3.237223148345947266e+00
1.018960118293762207e+00
8.633876800537109375e+00
-2.637437582015991211e-01
-4.598911404609680176e-01
-6.328550577163696289e-01
-5.338269710540771484e+00
1.575498878955841064e-01
9.358365058898925781e+00
-2.009636878967285156e+00
-1.259890198707580566e+00
-2.199575185775756836e+00
9.327100753784179688e+00
-2.419893741607666016e+00
-6.493403434753417969e+00
-3.315674304962158203e+00
9.487003684043884277e-01
7.680915355682373047e+00
-7.614209055900573730e-01
-4.257082939147949219e+00
6.109686851501464844e+00
8.947367668151855469e+00
7.447483062744140625e+00
7.815392017364501953e+00
-2.323372840881347656e+00
-2.670072555541992188e+00
7.936988353729248047e+00
6.739257812500000000e+00
8.313391685485839844e+00
3.184072971343994141e+00
2.942880630493164062e+00
7.077818512916564941e-01
2.518860578536987305e+00
6.310101985931396484e+00
-6.078659534454345703e+00
-3.272799730300903320e+00
7.799206733703613281e+00
7.990859508514404297e+00
-6.397814154624938965e-01
-3.620377540588378906e+00
6.808787822723388672e+00
8.361847877502441406e+00
7.688842296600341797e+00
8.095045089721679688e+00
9.766036033630371094e+00
-3.236037015914916992e+00
-3.061825513839721680e+00
8.132013320922851562e+00
7.179817676544189453e+00
7.217901945114135742e-01
-4.286803245544433594e+00
2.443682909011840820e+00
-4.406181335449218750e+00
6.440556049346923828e+00
-2.017977952957153320e+00
-2.204812526702880859e+00
8.495887756347656250e+00
8.215194702148437500e+00
-5.065349340438842773e-01
-3.071673154830932617e+00
7.219607830047607422e+00
8.741150856018066406e+00
7.889966964721679688e+00
8.333326339721679688e+00
9.221544265747070312e+00
-3.844852447509765625e+00
-2.653860092163085938e+00
7.478274822235107422e+00
9.502266883850097656e+00
-5.104286193847656250e+00
-7.225942015647888184e-01
1.277113437652587891e+00
-6.576887965202331543e-01
-5.723946571350097656e+00
7.741276741027832031e+00
8.895839691162109375e+00
8.401497840881347656e+00
-7.595143318176269531e-01
-2.860261201858520508e+00
7.520273685455322266e+00
9.008718490600585938e+00
8.527259826660156250e+00
9.420061111450195312e+00
-3.371399879455566406e+00
-2.307566165924072266e+00
7.716277599334716797e+00
9.048640251159667969e+00
-1.339200615882873535e+00
-4.984245598316192627e-01
8.868752717971801758e-01
-1.087425827980041504e+00
-4.815375328063964844e+00
8.415543556213378906e+00
9.189122200012207031e+00
3.201596140861511230e-01
