2.209950685501098633e+00
-2.725494146347045898e+00
8.655779838562011719e+00
-3.429352998733520508e+00
8.457165718078613281e+00
9.054099082946777344e+00
3.184654951095581055e+00
8.114107131958007812e+00
3.749844729900360107e-01
9.006381988525390625e+00
7.603451728820800781e+00
8.276176452636718750e+00
9.060316085815429688e+00
9.053745269775390625e+00
-2.560586214065551758e+00
4.551085531711578369e-01
7.585700988769531250e+00
8.946632385253906250e+00
-4.705619812011718750e+00
8.750175476074218750e+00
9.287550926208496094e+00
5.012179613113403320e-01
8.513415336608886719e+00
-6.374275684356689453e-01
9.232023239135742188e+00
8.295973777770996094e+00
8.681517601013183594e+00
9.347923278808593750e+00
9.275993347167968750e+00
-1.821707725524902344e+00
-9.586245417594909668e-01
9.228934288024902344e+00
7.482039332389831543e-01
8.831483840942382812e+00
9.555976867675781250e+00
9.504898071289062500e+00
9.050590515136718750e+00
9.500641822814941406e+00
-1.243205070495605469e+00
-1.805658787488937378e-01
-2.061171293258666992e+00
1.138110923767089844e+01
1.398463129997253418e+00
-3.202057480812072754e-01
5.444946885108947754e-01
1.208249950408935547e+01
2.090600967407226562e+00
2.262737601995468140e-01
1.787039190530776978e-01
1.249719715118408203e+01
4.863840043544769287e-01
5.064023658633232117e-02
-2.240769386291503906e+00
1.279311466217041016e+01
-1.732641756534576416e-01
-1.397358626127243042e-01
-3.662082850933074951e-01
1.302359676361083984e+01
-1.475410938262939453e+00
-3.589244186878204346e-01
9.303157776594161987e-02
1.321456146240234375e+01
-5.953557491302490234e-01
5.694721937179565430e-01
-9.602928161621093750e-01
7.732075452804565430e-01
5.471611618995666504e-01
-1.019323348999023438e+00
-1.037634238600730896e-01
3.404201030731201172e+00
3.933963775634765625e-01
-1.454698920249938965e+00
5.095143914222717285e-01
3.448522388935089111e-01
-2.223831266164779663e-01
-1.849991202354431152e+00
1.726762056350708008e-01
9.453156471252441406e+00
2.992837667465209961e+00
9.105925559997558594e+00
9.740976333618164062e+00
9.280053138732910156e+00
6.626737117767333984e-01
9.684408187866210938e+00
1.119383096694946289e+00
-3.668487668037414551e-01
6.206955909729003906e-01
2.928661406040191650e-01
4.524431228637695312e-01
-1.553467512130737305e+00
1.371843695640563965e+00
4.860153496265411377e-01
-1.595992207527160645e+00
-2.213151901960372925e-01
-3.442517995834350586e+00
-1.662273287773132324e+00
1.096845790743827820e-01
-2.973591983318328857e-01
4.341065287590026855e-01
-2.786258220672607422e+00
-1.200965881347656250e+00
1.633899062871932983e-01
-7.821871042251586914e-01
2.101220190525054932e-02
-1.288518428802490234e+00
-1.894418001174926758e+00
9.113556146621704102e-01
-1.766010522842407227e-01
3.065732479095458984e+00
-6.137502193450927734e-01
-4.189411401748657227e-01
7.721413373947143555e-01
-2.011141300201416016e+00
2.096329212188720703e+00
1.922598928213119507e-01
-3.786824226379394531e+00
-4.884735941886901855e-01
-1.471577286720275879e+00
1.083050608634948730e+00
-2.335940837860107422e+00
-1.514150619506835938e+00
-5.345115065574645996e-01
-1.387574791908264160e+00
1.157475590705871582e+00
-1.327076435089111328e+00
-2.563891172409057617e+00
2.422945499420166016e-01
2.322062492370605469e+00
2.121022462844848633e+00
-1.306659102439880371e+00
-3.328665971755981445e+00
1.164976358413696289e+00
8.485001921653747559e-01
3.070024847984313965e-01
9.634028434753417969e+00
7.920966148376464844e-01
9.327795028686523438e+00
9.454259872436523438e+00
-1.840479373931884766e+00
2.013371467590332031e+00
4.057905673980712891e-01
-1.377935767173767090e+00
-1.801371425390243530e-01
5.010091662406921387e-01
1.952631950378417969e+00
-6.409777998924255371e-01
-7.834702730178833008e-01
1.093703460693359375e+01
-2.565017342567443848e-01
2.105404615402221680e+00
1.006260067224502563e-01
1.620502471923828125e+00
2.526381611824035645e-02
1.163389492034912109e+01
-5.651137828826904297e-01
1.204372286796569824e+00
1.083635425567626953e+01
2.012476205825805664e+00
1.402815431356430054e-01
1.203799819946289062e+01
-9.271607995033264160e-01
2.170355319976806641e+00
1.154180622100830078e+01
1.775400519371032715e+00
1.396698653697967529e-01
1.232702636718750000e+01
-4.956232309341430664e-01
1.305012226104736328e+00
1.193356800079345703e+01
2.957444667816162109e+00
1.141911792755126953e+01
1.037220001220703125e+00
-1.070776581764221191e+00
1.254935455322265625e+01
-2.533020675182342529e-01
2.828502416610717773e+00
1.224542617797851562e+01
5.692914128303527832e-01
1.174159336090087891e+01
3.457403741776943207e-03
-2.025244951248168945e+00
1.273570537567138672e+01
9.468657374382019043e-01
1.688007593154907227e+00
1.246911144256591797e+01
2.344227075576782227e+00
1.200879287719726562e+01
1.144993686676025391e+01
1.272643327713012695e+00
-1.646816253662109375e+00
2.209797620773315430e+00
1.168891429901123047e+00
1.265788745880126953e+01
2.050821542739868164e+00
1.223043346405029297e+01
1.182831192016601562e+01
1.068659019470214844e+01
1.485560059547424316e+00
1.174833416938781738e+00
-6.875255107879638672e-01
2.101197004318237305e+00
3.115064859390258789e+00
1.075506401062011719e+01
1.241175460815429688e+01
1.213107013702392578e+01
1.137514019012451172e+01
1.889941096305847168e+00
3.814043760299682617e+00
2.917190790176391602e+00
-1.429922431707382202e-01
3.054738283157348633e+00
2.756151199340820312e+00
1.146592426300048828e+01
1.236478996276855469e+01
1.178953933715820312e+01
1.067425537109375000e+01
1.577667951583862305e+00
3.223604202270507812e+00
-4.819571077823638916e-01
3.355304956436157227e+00
9.480879783630371094e+00
-9.061188101768493652e-01
2.996359109878540039e+00
5.302312374114990234e-01
2.696160793304443359e+00
2.573610305786132812e+00
1.188250064849853516e+01
1.256764984130859375e+01
1.208724403381347656e+01
1.139487743377685547e+01
1.631939530372619629e+00
1.065496444702148438e+01
4.374643802642822266e+00
2.532440662384033203e+00
-1.615738511085510254e+00
-5.930567383766174316e-01
4.008052349090576172e+00
1.218538665771484375e+01
1.232059288024902344e+01
1.180994510650634766e+01
-3.045118749141693115e-01
1.135260105133056641e+01
2.851731538772583008e+00
1.168194770812988281e+01
8.183781504631042480e-01
8.936291337013244629e-01
-6.777104735374450684e-01
3.862624645233154297e+00
1.241016197204589844e+01
1.252546310424804688e+01
1.211769008636474609e+01
3.740464746952056885e-01
1.177402877807617188e+01
1.060850620269775391e+01
1.195545578002929688e+01
1.002297163009643555e+00
4.328573703765869141e+00
-3.949822783470153809e-01
-1.314532458782196045e-01
2.651845216751098633e+00
3.903612613677978516e+00
1.261126995086669922e+01
1.235525894165039062e+01
-4.361132383346557617e-01
1.207680606842041016e+01
1.129559326171875000e+01
1.218712234497070312e+01
1.503142118453979492e+00
1.918749809265136719e+00
4.531259536743164062e+00
5.181347131729125977e-01
-3.673325106501579285e-02
2.884588718414306641e+00
4.193171024322509766e+00
1.254266548156738281e+01
-1.865623712539672852e+00
1.230788898468017578e+01
1.169868373870849609e+01
1.236787986755371094e+01
-4.751442372798919678e-01
2.873524427413940430e+00
2.317822933197021484e+00
1.030865573883056641e+01
5.307516098022460938e+00
1.837256193161010742e+00
-2.558158397674560547e+00
2.373951435089111328e+00
4.336020469665527344e+00
1.063180255889892578e+01
1.249374008178710938e+01
1.200118732452392578e+01
1.057721614837646484e+01
1.064188861846923828e+01
1.044500923156738281e+01
1.106108188629150391e+01
1.049259090423583984e+01
1.668518662452697754e+00
-1.523347198963165283e-01
-8.144436478614807129e-01
4.226705551147460938e+00
1.133271217346191406e+01
1.221552276611328125e+01
1.127649307250976562e+01
1.133504867553710938e+01
1.115291500091552734e+01
1.147644519805908203e+01
1.117797565460205078e+01
1.140742111206054688e+01
-4.145992919802665710e-02
1.056776237487792969e+01
4.589934945106506348e-01
3.045217275619506836e+00
1.174850082397460938e+01
1.240773773193359375e+01
1.168137836456298828e+01
1.173509120941162109e+01
1.157284736633300781e+01
1.176357555389404297e+01
1.158301734924316406e+01
1.180623626708984375e+01
7.625161409378051758e-01
1.307214982807636261e-02
1.126141452789306641e+01
2.755219042301177979e-01
2.768708705902099609e+00
1.205392837524414062e+01
1.197780799865722656e+01
1.201311302185058594e+01
1.186225986480712891e+01
1.198721313476562500e+01
1.187086582183837891e+01
1.204359340667724609e+01
1.174490928649902344e+00
1.441628217697143555e+00
4.812136173248291016e+00
1.105057525634765625e+01
1.165638637542724609e+01
-4.921153783798217773e-01
2.652953147888183594e+00
1.227788066864013672e+01
1.220561313629150391e+01
1.224456310272216797e+01
1.209254550933837891e+01
1.216461277008056641e+01
1.209007453918457031e+01
1.222497177124023438e+01
5.907829999923706055e-01
-9.065051674842834473e-01
1.702767372131347656e+00
7.370932102203369141e-01
4.837325215339660645e-02
2.933640956878662109e+00
1.145460224151611328e+01
1.144218158721923828e+01
1.034586620330810547e+01
1.193301296234130859e+01
-5.412920713424682617e-01
1.745335578918457031e+00
1.246266365051269531e+01
1.239616298675537109e+01
1.243029975891113281e+01
1.228982162475585938e+01
1.227387237548828125e+01
-2.930305004119873047e-01
3.970494568347930908e-01
2.853145122528076172e+00
1.174252605438232422e+01
1.172852039337158203e+01
1.106216430664062500e+01
1.215410232543945312e+01
1.155231094360351562e+01
2.329822540283203125e+00
1.029575634002685547e+01
-4.233985766768455505e-02
1.130759239196777344e+00
3.674641370773315430e+00
1.196512794494628906e+01
1.195062446594238281e+01
1.144156360626220703e+01
1.233113288879394531e+01
1.179950618743896484e+01
3.086598634719848633e+00
-2.891181468963623047e+00
1.152717590332031250e+01
1.103160381317138672e-01
1.097865295410156250e+01
-1.346448183059692383e+00
1.031408667564392090e+00
2.308437824249267578e+00
1.214824390411376953e+01
1.213284397125244141e+01
1.172993755340576172e+01
1.203767967224121094e+01
1.773576974868774414e+00
-9.333015680313110352e-01
1.186772823333740234e+01
2.404675632715225220e-01
1.138328075408935547e+01
-2.573166608810424805e+00
6.294084191322326660e-01
-5.524052977561950684e-01
1.195808792114257812e+01
1.222549343109130859e+01
5.078068971633911133e-01
4.897232651710510254e-01
1.209360694885253906e+01
2.242911338806152344e+00
1.166942787170410156e+01
-1.139149904251098633e+00
4.116498231887817383e-01
2.370899677276611328e+00
1.214905357360839844e+01
-3.278717994689941406e+00
-1.114131212234497070e+00
1.228640460968017578e+01
1.400671720504760742e+00
1.189243507385253906e+01
-4.975942373275756836e-01
7.289677262306213379e-01
1.024412631988525391e+01
-3.510065078735351562e+00
-4.071792602539062500e+00
6.760655343532562256e-02
1.207722949981689453e+01
1.031356143951416016e+01
1.010943651199340820e+00
1.093541622161865234e+01
-1.623791456222534180e+00
-4.115738391876220703e+00
3.124205768108367920e-01
1.100472259521484375e+01
9.078513383865356445e-01
1.134320640563964844e+01
-1.241623282432556152e+00
-1.164840579032897949e+00
1.780014753341674805e+00
1.141176891326904297e+01
1.335481882095336914e+00
1.162741088867187500e+01
1.021513366699218750e+01
1.017733860015869141e+01
4.993228912353515625e-01
1.169859695434570312e+01
-1.661592006683349609e+00
-2.410270452499389648e+00
-1.307591795921325684e+00
3.313635826110839844e+00
3.196732759475708008e+00
3.314408779144287109e+00
1.186179995536804199e+00
1.185124778747558594e+01
1.091027069091796875e+01
1.087102127075195312e+01
1.149279832839965820e+00
1.191198253631591797e+01
-1.141455769538879395e+00
1.203532600402832031e+01
1.131692600250244141e+01
1.127871227264404297e+01
3.083284497261047363e-01
1.209723758697509766e+01
9.335972785949707031e+00
1.159925174713134766e+01
1.156616973876953125e+01
-8.828145265579223633e-01
9.989833831787109375e+00
1.182371330261230469e+01
1.178864479064941406e+01
2.373775243759155273e+00
1.035957050323486328e+01
1.200591850280761719e+01
1.195233058929443359e+01
-3.428547382354736328e-01
1.058528232574462891e+01
2.093050718307495117e+00
1.081505107879638672e+01
2.662334918975830078e+00
1.095408916473388672e+01
9.558697938919067383e-01
6.712319254875183105e-01
2.276196718215942383e+00
-4.654088020324707031e-01
-1.362784981727600098e+00
-2.112968444824218750e+00
8.287714958190917969e+00
8.322963714599609375e+00
8.371195793151855469e+00
-3.490566730499267578e+00
5.711742639541625977e-01
1.384677171707153320e+00
9.664313793182373047e-01
6.559681892395019531e-01
1.537013888359069824e+00
-6.567795872688293457e-01
9.213892817497253418e-01
1.769746184349060059e+00
8.876267075538635254e-01
-3.111137151718139648e-01
1.206496357917785645e+00
-3.116695165634155273e+00
-1.270616412162780762e+00
-1.623069763183593750e+00
8.980773925781250000e+00
9.023644447326660156e+00
9.064908027648925781e+00
-3.473583936691284180e+00
7.891411781311035156e-01
-3.416477680206298828e+00
2.364871054887771606e-01
-1.073023080825805664e+00
5.797693133354187012e-01
1.184680342674255371e+00
1.683438181877136230e+00
9.016600996255874634e-02
1.359641700983047485e-01
1.667902231216430664e+00
2.415366411209106445e+00
-9.174522012472152710e-03
1.593794941902160645e+00
4.366656839847564697e-01
7.321377992630004883e-01
8.425503730773925781e+00
9.382995605468750000e+00
9.421395301818847656e+00
9.471010208129882812e+00
-2.719244480133056641e+00
2.202646732330322266e+00
3.232985734939575195e+00
2.949239492416381836e+00
1.335687279701232910e+00
4.195872306823730469e+00
-1.371635794639587402e+00
1.900422692298889160e+00
3.937876939773559570e+00
1.743192374706268311e-01
2.040470361709594727e+00
3.357963800430297852e+00
1.525144815444946289e+00
4.444620132446289062e+00
3.342102289199829102e+00
4.625849246978759766e+00
1.699431657791137695e+00
3.323424577713012695e+00
3.557084083557128906e+00
3.199291706085205078e+00
3.621854305267333984e+00
3.131023406982421875e+00
2.722394704818725586e+00
-1.523869156837463379e+00
4.036390483379364014e-01
9.108595848083496094e+00
9.668657302856445312e+00
9.709135055541992188e+00
9.755064010620117188e+00
-4.508022308349609375e+00
3.585610389709472656e+00
3.138026714324951172e+00
3.183730840682983398e+00
6.576833724975585938e+00
4.098890304565429688e+00
2.709218978881835938e+00
6.489747524261474609e+00
4.332392215728759766e+00
1.622565627098083496e+00
6.831009864807128906e+00
7.275182723999023438e+00
4.189877033233642578e+00
-2.294917255640029907e-01
7.059072971343994141e+00
7.907418727874755859e+00
3.147170066833496094e+00
-1.169290304183959961e+00
7.106902122497558594e+00
8.186148643493652344e+00
1.554947733879089355e+00
-1.734925746917724609e+00
7.270357131958007812e+00
8.412742614746093750e+00
-1.986608743667602539e+00
-4.287814617156982422e+00
8.592443466186523438e+00
-5.002699851989746094e+00
-2.497938632965087891e+00
-3.862797021865844727e+00
-4.180447578430175781e+00
-3.894814729690551758e+00
1.564607024192810059e+00
8.276486396789550781e+00
9.179838180541992188e+00
-3.577561855316162109e+00
8.969119071960449219e+00
9.479103088378906250e+00
-6.059380173683166504e-01
8.806260108947753906e+00
1.569345831871032715e+00
9.412899971008300781e+00
8.701667785644531250e+00
8.970462799072265625e+00
9.569435119628906250e+00
9.450200080871582031e+00
-2.813377857208251953e+00
-1.640246152877807617e+00
9.399527311325073242e-01
1.077719211578369141e+00
9.511718750000000000e+00
9.886626243591308594e+00
9.935165405273437500e+00
9.975069046020507812e+00
-5.084271907806396484e+00
-4.929718971252441406e+00
-6.005901336669921875e+00
2.230076313018798828e+00
-3.930169105529785156e+00
-4.905528545379638672e+00
-1.379095792770385742e+00
7.059016704559326172e+00
-6.907406449317932129e-01
7.215935230255126953e+00
-4.001374244689941406e+00
-4.982354164123535156e+00
7.136141777038574219e+00
1.036908864974975586e+00
2.359903812408447266e+00
2.775495290756225586e+00
-1.935289978981018066e+00
-4.080870628356933594e+00
8.194672584533691406e+00
-2.470903635025024414e+00
7.078042030334472656e+00
-3.599884510040283203e+00
6.621084809303283691e-01
6.568959712982177734e+00
1.348744869232177734e+00
7.598472595214843750e+00
6.278118133544921875e+00
1.000454068183898926e+00
6.658392906188964844e+00
-4.115810871124267578e+00
-1.233256697654724121e+00
7.750090122222900391e+00
-1.867811322212219238e+00
7.480578899383544922e+00
6.522612571716308594e+00
7.098665714263916016e+00
7.544826030731201172e+00
6.916256904602050781e+00
6.281550407409667969e+00
2.394327878952026367e+00
-1.233862757682800293e+00
-4.448028564453125000e+00
8.429745674133300781e+00
-9.816223382949829102e-01
7.480659008026123047e+00
6.981018543243408203e+00
1.527032732963562012e+00
6.942683696746826172e+00
5.779572010040283203e+00
8.223021507263183594e+00
6.629189014434814453e+00
6.640231132507324219e+00
5.474486351013183594e+00
2.427729368209838867e+00
7.352240085601806641e+00
-3.297019958496093750e+00
-7.635421752929687500e-01
8.157722473144531250e+00
5.719924569129943848e-01
7.622699260711669922e+00
7.215190887451171875e+00
7.789524555206298828e+00
7.837145805358886719e+00
7.608002185821533203e+00
6.830713272094726562e+00
3.597869873046875000e+00
-2.390779256820678711e+00
-2.878509044647216797e+00
8.592019081115722656e+00
-2.582334280014038086e+00
7.771172046661376953e+00
7.670378208160400391e+00
6.015328764915466309e-01
7.163709163665771484e+00
6.553295612335205078e+00
8.640682220458984375e+00
6.848624706268310547e+00
7.299204826354980469e+00
2.866314411163330078e+00
2.128863573074340820e+00
7.763381004333496094e+00
-5.092441082000732422e+00
-1.582308650016784668e+00
8.444820404052734375e+00
1.734648346900939941e+00
7.620226860046386719e+00
8.195369720458984375e+00
8.059956550598144531e+00
7.914185047149658203e+00
7.189102172851562500e+00
2.626620531082153320e+00
-2.256915807723999023e+00
-3.348903179168701172e+00
8.795933723449707031e+00
-2.145380735397338867e+00
7.994292736053466797e+00
8.069542884826660156e+00
1.043864250183105469e+00
7.312848567962646484e+00
7.052988529205322266e+00
8.902443885803222656e+00
6.971878528594970703e+00
7.660120010375976562e+00
2.858485221862792969e+00
2.874022245407104492e+00
8.051845550537109375e+00
-3.761363744735717773e+00
-1.855505704879760742e+00
8.666475296020507812e+00
6.393345832824707031e+00
7.907220363616943359e+00
8.482226371765136719e+00
8.239048957824707031e+00
8.202248573303222656e+00
7.311260223388671875e+00
3.310981273651123047e+00
-2.366649866104125977e+00
-4.035410404205322266e+00
-4.185399413108825684e-01
8.177965164184570312e+00
8.359745025634765625e+00
2.081494182348251343e-01
7.322666645050048828e+00
9.131521224975585938e+00
7.215198993682861328e+00
7.975023746490478516e+00
2.223747253417968750e+00
3.226964235305786133e+00
8.273337364196777344e+00
6.977173805236816406e+00
7.012354850769042969e+00
8.852534294128417969e+00
7.158496856689453125e+00
8.137937545776367188e+00
8.709142684936523438e+00
8.420619964599609375e+00
7.560107707977294922e+00
3.406738042831420898e+00
-1.628094911575317383e+00
6.911465167999267578e+00
1.436273902654647827e-01
8.588690757751464844e+00
6.254445075988769531e+00
7.576465129852294922e+00
9.310118675231933594e+00
8.159127235412597656e+00
2.087571144104003906e+00
2.739331007003784180e+00
8.448625564575195312e+00
7.664378166198730469e+00
7.677841186523437500e+00
7.360832691192626953e+00
8.311220169067382812e+00
8.883866310119628906e+00
8.646526336669921875e+00
7.902809143066406250e+00
3.593665122985839844e+00
-2.386246442794799805e+00
7.603281497955322266e+00
-1.108524441719055176e+00
8.762774467468261719e+00
6.913927078247070312e+00
7.765328884124755859e+00
8.354688644409179688e+00
2.273894309997558594e+00
1.812810301780700684e+00
8.067962646484375000e+00
8.071105003356933594e+00
7.563743114471435547e+00
3.564687252044677734e+00
-1.951419830322265625e+00
8.013189315795898438e+00
-2.041537523269653320e+00
7.310504913330078125e+00
2.841370999813079834e-01
2.222507238388061523e+00
8.352214813232421875e+00
8.390546798706054688e+00
7.723499774932861328e+00
1.434037327766418457e+00
-1.851801753044128418e+00
8.289270401000976562e+00
-2.243586063385009766e+00
7.662554740905761719e+00
-8.362898230552673340e-02
1.980325341224670410e+00
9.802572250366210938e+00
1.006818485260009766e+01
1.011002922058105469e+01
1.016373825073242188e+01
-3.467020511627197266e+00
2.831897020339965820e+00
6.963015079498291016e+00
-2.797301530838012695e+00
8.575787544250488281e+00
8.604744911193847656e+00
7.944019317626953125e+00
-1.758427917957305908e-01
-2.556307315826416016e+00
8.509332656860351562e+00
-5.956930160522460938e+00
7.879506111145019531e+00
7.653733253479003906e+00
-1.280098915100097656e+00
8.755123138427734375e+00
8.763819694519042969e+00
8.518964767456054688e+00
-9.573323130607604980e-01
8.689222335815429688e+00
-6.045717239379882812e+00
8.072544097900390625e+00
8.014098167419433594e+00
-2.452357769012451172e+00
9.171882629394531250e+00
6.669475138187408447e-02
-2.339747190475463867e+00
8.306642532348632812e+00
7.488307310268282890e-04
9.604475975036621094e+00
7.457368850708007812e+00
-3.016165018081665039e+00
8.504520416259765625e+00
6.164879351854324341e-02
9.960041999816894531e+00
8.147363662719726562e+00
-2.214213371276855469e+00
9.724736213684082031e+00
9.951642036437988281e+00
-2.346443414688110352e+00
-7.738669514656066895e-01
1.001241111755371094e+01
-2.702327728271484375e+00
4.998468875885009766e+00
8.820185661315917969e+00
7.588579654693603516e+00
-2.480156898498535156e+00
-1.454862833023071289e+00
1.019542503356933594e+01
-5.556737899780273438e+00
3.593073844909667969e+00
4.014146327972412109e+00
1.360327720642089844e+00
6.060394287109375000e+00
7.425691127777099609e+00
4.806910991668701172e+00
-1.328778564929962158e-01
9.548274040222167969e+00
-3.350184440612792969e+00
2.183038234710693359e+00
3.545116662979125977e+00
8.727375984191894531e+00
2.238179445266723633e+00
-5.842866897583007812e-01
4.282442569732666016e+00
3.252424716949462891e+00
-2.632495403289794922e+00
8.047855377197265625e+00
9.882840156555175781e+00
-2.256283283233642578e+00
-2.183173656463623047e+00
-6.835257530212402344e+00
1.576659798622131348e+00
1.401537299156188965e+00
-1.163364529609680176e+00
4.226583957672119141e+00
3.760809659957885742e+00
-3.719642162322998047e-01
8.796994209289550781e+00
9.956377029418945312e+00
4.107442855834960938e+00
8.068661689758300781e+00
9.193912506103515625e+00
1.022813034057617188e+01
4.364371299743652344e+00
8.759703636169433594e+00
9.498994827270507812e+00
1.041086292266845703e+01
8.753991127014160156e+00
-2.089853137731552124e-01
9.160990715026855469e+00
9.736828804016113281e+00
1.062641334533691406e+01
5.555178642272949219e+00
-1.701864361763000488e+00
9.443951606750488281e+00
9.916399955749511719e+00
2.361285209655761719e+00
8.949725151062011719e+00
-4.418988153338432312e-02
9.263895988464355469e+00
-4.979435205459594727e-01
9.354672431945800781e+00
-4.093222022056579590e-01
9.539955139160156250e+00
-2.776810824871063232e-01
1.832308471202850342e-01
-3.345585107803344727e+00
-2.103840589523315430e+00
-4.389014720916748047e+00
1.497102379798889160e+00
3.018759727478027344e+00
4.602183103561401367e-01
1.107740759849548340e+00
-4.879355907440185547e+00
-1.319774985313415527e+00
5.420347213745117188e+00
9.764095395803451538e-02
3.239351749420166016e+00
5.262825965881347656e+00
-3.533214330673217773e-01
1.813266873359680176e+00
8.861205101013183594e+00
-1.681970991194248199e-02
-2.027373790740966797e+00
9.412549972534179688e+00
9.640307426452636719e+00
-2.596221268177032471e-01
8.802961349487304688e+00
9.918128967285156250e+00
5.787594795227050781e+00
-3.336378037929534912e-01
9.487125396728515625e+00
1.020870304107666016e+01
8.748535156250000000e+00
2.810836136341094971e-01
9.879717826843261719e+00
1.043253993988037109e+01
9.308948516845703125e+00
5.518592834472656250e+00
-9.964591264724731445e-02
1.014361381530761719e+01
1.061660385131835938e+01
9.573442459106445312e+00
4.119271755218505859e+00
-4.885964393615722656e+00
1.039421367645263672e+01
9.839426994323730469e+00
9.854950904846191406e-01
-3.565477848052978516e+00
-4.876051843166351318e-01
8.665026664733886719e+00
-2.482345581054687500e+00
3.237223148345947266e+00
1.018960118293762207e+00
8.633876800537109375e+00
-5.349882602691650391e+00
1.058475017547607422e+01
1.002370357513427734e+01
-5.789635181427001953e-01
4.718488693237304688e+00
-2.637437582015991211e-01
1.014384078979492188e+01
-3.923012614250183105e-01
8.958870887756347656e+00
-3.648245334625244141e-01
-3.496642112731933594e+00
9.569094657897949219e+00
-3.935514986515045166e-01
-3.157792806625366211e+00
9.951633453369140625e+00
-4.598911404609680176e-01
-3.577298879623413086e+00
1.024888896942138672e+01
-2.288608103990554810e-01
-3.852130889892578125e+00
1.046751499176025391e+01
6.509408354759216309e-02
-5.174576759338378906e+00
1.065180969238281250e+01
-6.328550577163696289e-01
-4.545786857604980469e+00
1.551442146301269531e+00
-3.348550319671630859e+00
-2.703518152236938477e+00
-3.449824094772338867e+00
-5.338269710540771484e+00
1.575498878955841064e-01
9.358365058898925781e+00
-2.009636878967285156e+00
-1.259890198707580566e+00
-2.199575185775756836e+00
9.327100753784179688e+00
-2.419893741607666016e+00
-2.839442729949951172e+00
-1.623657345771789551e+00
-2.619784116744995117e+00
-1.162461757659912109e+00
-3.369951248168945312e+00
-6.493403434753417969e+00
-3.315674304962158203e+00
9.487003684043884277e-01
7.680915355682373047e+00
-7.614209055900573730e-01
-4.257082939147949219e+00
6.109686851501464844e+00
8.947367668151855469e+00
7.447483062744140625e+00
7.815392017364501953e+00
-2.323372840881347656e+00
-2.670072555541992188e+00
7.936988353729248047e+00
6.739257812500000000e+00
8.313391685485839844e+00
3.184072971343994141e+00
2.942880630493164062e+00
7.077818512916564941e-01
2.518860578536987305e+00
6.310101985931396484e+00
-6.078659534454345703e+00
-3.272799730300903320e+00
7.799206733703613281e+00
7.990859508514404297e+00
-6.397814154624938965e-01
-3.620377540588378906e+00
6.808787822723388672e+00
8.361847877502441406e+00
7.688842296600341797e+00
8.095045089721679688e+00
9.766036033630371094e+00
-3.236037015914916992e+00
-3.061825513839721680e+00
8.132013320922851562e+00
7.179817676544189453e+00
7.217901945114135742e-01
-4.286803245544433594e+00
2.443682909011840820e+00
-4.406181335449218750e+00
6.440556049346923828e+00
8.669780731201171875e+00
-2.017977952957153320e+00
-2.204812526702880859e+00
8.495887756347656250e+00
8.215194702148437500e+00
-5.065349340438842773e-01
-3.071673154830932617e+00
7.219607830047607422e+00
8.741150856018066406e+00
7.889966964721679688e+00
8.333326339721679688e+00
9.221544265747070312e+00
-3.844852447509765625e+00
-2.653860092163085938e+00
7.478274822235107422e+00
9.502266883850097656e+00
-5.104286193847656250e+00
-7.225942015647888184e-01
1.277113437652587891e+00
-6.576887965202331543e-01
4.214588165283203125e+00
4.800156593322753906e+00
-5.723946571350097656e+00
7.741276741027832031e+00
8.895839691162109375e+00
8.401497840881347656e+00
-7.595143318176269531e-01
-2.860261201858520508e+00
7.520273685455322266e+00
9.008718490600585938e+00
8.527259826660156250e+00
9.420061111450195312e+00
-3.371399879455566406e+00
-2.307566165924072266e+00
7.716277599334716797e+00
9.048640251159667969e+00
-1.339200615882873535e+00
-4.984245598316192627e-01
8.868752717971801758e-01
-1.087425827980041504e+00
2.576038837432861328e+00
1.897298693656921387e+00
-4.815375328063964844e+00
7.254107475280761719e+00
8.540863037109375000e+00
8.415543556213378906e+00
9.189122200012207031e+00
3.201596140861511230e-01
-2.992678165435791016e+00
7.736167907714843750e+00
9.232905387878417969e+00
-3.666146755218505859e+00
4.596339166164398193e-01
7.894118309020996094e+00
9.271630287170410156e+00
-4.922605037689208984e+00
-5.277637481689453125e+00
-3.616870403289794922e+00
-5.845367431640625000e+00
5.399494171142578125e-01
-4.065641880035400391e+00
-5.374377250671386719e+00
3.883555889129638672e+00
3.972662210464477539e+00
8.831353187561035156e+00
9.384886741638183594e+00
-1.145705580711364746e+00
-2.408977985382080078e+00
7.937062740325927734e+00
9.423566818237304688e+00
-4.027204513549804688e+00
1.518601775169372559e+00
9.410308837890625000e+00
-1.840519666671752930e+00
-5.609869003295898438e+00
-3.409217596054077148e+00
-5.469543457031250000e+00
1.296677470207214355e+00
-3.279301166534423828e+00
-5.339289188385009766e+00
1.108520328998565674e-01
6.071770668029785156e+00
9.123857498168945312e+00
9.651056289672851562e+00
-1.532131671905517578e+00
-1.857130050659179688e+00
-4.621991634368896484e+00
1.375858545303344727e+00
-3.190769672393798828e+00
-5.139132499694824219e+00
-3.285039901733398438e+00
-6.243650436401367188e+00
-5.583508968353271484e+00
3.577385842800140381e-01
9.764472007751464844e+00
-3.156464099884033203e+00
-1.278704762458801270e+00
-2.701442480087280273e+00
9.732920646667480469e+00
-6.103582382202148438e+00
7.260159969329833984e+00
6.398631572723388672e+00
-1.217289566993713379e+00
6.907222270965576172e+00
9.349738121032714844e+00
-1.888838410377502441e+00
-1.416277885437011719e+00
-4.421880722045898438e+00
1.440191507339477539e+00
-3.476580858230590820e+00
-5.700814247131347656e+00
-1.864733457565307617e+00
-5.493701457977294922e+00
-5.761309146881103516e+00
7.948725223541259766e+00
7.069195270538330078e+00
-1.130174547433853149e-01
7.295165061950683594e+00
9.538478851318359375e+00
-3.445889234542846680e+00
-1.207635045051574707e+00
-4.094600677490234375e+00
1.256341457366943359e+00
-3.381200313568115234e+00
-5.604467868804931641e+00
-1.505676150321960449e+00
-6.047579288482666016e+00
-5.447378158569335938e+00
8.348873138427734375e+00
7.462040424346923828e+00
6.759873867034912109e+00
7.619369983673095703e+00
-3.293464899063110352e+00
-1.244794368743896484e+00
-3.736358165740966797e+00
7.461453914642333984e+00
-3.333801746368408203e+00
-6.030747890472412109e+00
-1.477488636970520020e+00
-5.390895843505859375e+00
-5.710847854614257812e+00
8.643881797790527344e+00
7.741714477539062500e+00
7.483888149261474609e+00
7.843184471130371094e+00
-2.593881845474243164e+00
-1.440873146057128906e+00
-2.875539064407348633e+00
8.118453979492187500e+00
7.227826595306396484e+00
-2.504423618316650391e+00
-1.165007114410400391e+00
-5.382166862487792969e+00
-5.400316238403320312e+00
8.862152099609375000e+00
7.955049514770507812e+00
7.871431827545166016e+00
8.047413825988769531e+00
-2.623822689056396484e+00
-1.960885643959045410e+00
-1.943807125091552734e+00
8.511428833007812500e+00
7.919200897216796875e+00
-3.701294422149658203e+00
-2.385583400726318359e+00
-3.405740737915039062e+00
-4.997814655303955078e+00
9.040446281433105469e+00
8.128527641296386719e+00
8.154411315917968750e+00
-2.247757911682128906e+00
-2.453814029693603516e+00
-1.813781142234802246e+00
8.802282333374023438e+00
8.312478065490722656e+00
-1.961877822875976562e+00
1.656425952911376953e+00
-3.538338899612426758e+00
-5.720453739166259766e+00
8.392050743103027344e+00
-2.331946372985839844e+00
-3.440882921218872070e+00
-1.615479469299316406e+00
9.031794548034667969e+00
8.602162361145019531e+00
-3.611796617507934570e+00
1.611469507217407227e+00
-3.631260633468627930e+00
-5.518330574035644531e+00
8.615441322326660156e+00
-1.633602142333984375e+00
-4.170729637145996094e+00
-2.058646440505981445e+00
9.219622611999511719e+00
8.823028564453125000e+00
-3.978272199630737305e+00
-1.013787463307380676e-01
-3.759670972824096680e+00
-6.078226089477539062e+00
8.361892700195312500e+00
-2.020984172821044922e+00
-3.170228481292724609e+00
-4.617612361907958984e+00
8.995100021362304688e+00
7.258490562438964844e+00
-1.089282989501953125e+00
7.270216941833496094e+00
-4.546326637268066406e+00
8.281250000000000000e+00
8.059512138366699219e+00
-2.308364391326904297e+00
-1.656486630439758301e+00
-4.464787006378173828e+00
7.947011470794677734e+00
9.213579297065734863e-01
7.955980777740478516e+00
-3.934793949127197266e+00
4.918022453784942627e-01
1.005209445953369141e+01
-3.583678960800170898e+00
-1.078036785125732422e+00
-2.732380867004394531e+00
1.002437686920166016e+01
-5.913304805755615234e+00
8.762919425964355469e+00
4.447745323181152344e+00
-1.480657696723937988e+00
-2.401630640029907227e+00
-4.806815624237060547e+00
8.356031417846679688e+00
6.964500904083251953e+00
8.368436813354492188e+00
-5.395359992980957031e+00
9.077722549438476562e+00
6.456776261329650879e-01
-2.637355804443359375e+00
-1.471044063568115234e+00
-5.317059993743896484e+00
8.623838424682617188e+00
7.602689743041992188e+00
8.656832695007324219e+00
-5.987530708312988281e+00
9.286948204040527344e+00
8.263182640075683594e+00
-2.861181497573852539e+00
-2.050088882446289062e+00
-6.268827915191650391e+00
8.859339714050292969e+00
7.956470489501953125e+00
8.875699043273925781e+00
-5.739782810211181641e+00
9.469522476196289062e+00
8.954544067382812500e+00
-2.625110626220703125e+00
-1.286444306373596191e+00
-4.712763309478759766e+00
9.043086051940917969e+00
8.254907608032226562e+00
9.050804138183593750e+00
-3.739157438278198242e+00
9.385083198547363281e+00
-1.819356679916381836e+00
-1.306948065757751465e+00
-3.951303243637084961e+00
8.505730628967285156e+00
-2.922786951065063477e+00
9.670244216918945312e+00
-1.521016597747802734e+00
-1.230902075767517090e+00
-3.710299015045166016e+00
8.617259025573730469e+00
-5.304922580718994141e+00
9.889199256896972656e+00
-8.674772977828979492e-01
-1.275498509407043457e+00
-3.012312173843383789e+00
-3.831302642822265625e+00
9.329217910766601562e+00
1.007406616210937500e+01
-7.872980237007141113e-01
-1.209143400192260742e+00
-3.045212030410766602e+00
8.093271255493164062e+00
-9.168924689292907715e-01
-2.358308315277099609e+00
-3.362109184265136719e+00
8.779965400695800781e+00
-1.972685575485229492e+00
-2.756510496139526367e+00
-3.192758321762084961e+00
-1.881315708160400391e+00
8.678483009338378906e+00
9.347431182861328125e+00
-3.816598176956176758e+00
9.150771141052246094e+00
-7.225492000579833984e-01
9.028244018554687500e+00
1.447741627693176270e+00
8.987346649169921875e+00
9.189296722412109375e+00
9.746244430541992188e+00
3.131322622299194336e+00
-1.764766335487365723e+00
-2.444590568542480469e+00
5.531721711158752441e-01
1.027339458465576172e+01
-3.631943702697753906e+00
-2.256312608718872070e+00
-1.918910503387451172e+00
1.024590873718261719e+01
9.192647933959960938e+00
-1.657723426818847656e+00
1.004537963867187500e+01
-3.175765275955200195e+00
-3.325890064239501953e+00
9.481341361999511719e+00
-2.015888690948486328e+00
-2.093577623367309570e+00
-2.786009788513183594e+00
9.701533317565917969e+00
-3.341686248779296875e+00
-2.339582443237304688e+00
-1.149209737777709961e+00
9.889729499816894531e+00
-3.231473922729492188e+00
-3.627616405487060547e+00
-4.319257736206054688e+00
-2.357294797897338867e+00
2.153116837143898010e-02
-4.546391010284423828e+00
-2.871106386184692383e+00
5.252170562744140625e-01
-4.593109130859375000e+00
-3.746852636337280273e+00
1.351740807294845581e-01
-4.914298057556152344e+00
-2.296253204345703125e+00
-2.728890657424926758e+00
-2.225465297698974609e+00
4.086290895938873291e-01
-4.187786579132080078e+00
-2.145646333694458008e+00
-5.211169719696044922e-01
-4.554074287414550781e+00
-1.044754266738891602e+00
-1.756778359413146973e+00
-4.618489265441894531e+00
-1.084814429283142090e+00
-4.936168670654296875e+00
5.810245037078857422e+00
-2.592097997665405273e+00
-1.146543741226196289e+00
2.101335287094116211e+00
1.045601272583007812e+01
-2.519066333770751953e+00
-2.828734397888183594e+00
-2.695978879928588867e+00
1.042554664611816406e+01
-3.562347888946533203e+00
-8.839447498321533203e-01
3.429476261138916016e+00
-3.605940818786621094e+00
-2.659392356872558594e+00
-1.019047856330871582e+00
-2.125508069992065430e+00
-4.210178852081298828e+00
-1.744494199752807617e+00
-2.018931388854980469e+00
-1.507673263549804688e+00
-2.928587198257446289e+00
-6.538486480712890625e+00
-1.162917852401733398e+00
-2.124281406402587891e+00
-1.445818185806274414e+00
-7.243929386138916016e+00
-7.862566709518432617e-01
-3.483293294906616211e+00
-1.233150839805603027e+00
-5.014411449432373047e+00
-1.472327351570129395e+00
-5.413776397705078125e+00
-4.672021389007568359e+00
-3.238579034805297852e+00
-4.078074932098388672e+00
-1.896667718887329102e+00
-5.129883289337158203e+00
8.403934478759765625e+00
-2.937692880630493164e+00
-3.040081739425659180e+00
-3.481047868728637695e+00
9.101013183593750000e+00
-2.183182001113891602e+00
-3.803541660308837891e+00
-3.542982339859008789e+00
-4.950673580169677734e+00
9.505093574523925781e+00
-1.444129347801208496e+00
-3.642754077911376953e+00
-4.420599937438964844e+00
9.802354812622070312e+00
-8.890359401702880859e-01
-7.127651572227478027e-01
2.823572158813476562e+00
-2.622709035873413086e+00
-2.628690481185913086e+00
-3.543161392211914062e+00
-3.323965549468994141e+00
-3.440719366073608398e+00
1.002439498901367188e+01
-5.981473922729492188e-01
-3.695231437683105469e+00
-2.404712200164794922e+00
1.021449375152587891e+01
-8.434454798698425293e-01
-3.566976547241210938e+00
-1.295176744461059570e+00
-2.147999048233032227e+00
-3.578575849533081055e+00
-7.360307574272155762e-01
-4.336158275604248047e+00
-3.793917655944824219e+00
-8.065786957740783691e-01
-4.286341190338134766e+00
-1.794315814971923828e+00
9.982421875000000000e+00
-3.640578508377075195e+00
-4.517267644405364990e-01
1.383883595466613770e+00
-3.779656648635864258e+00
-2.575002908706665039e+00
-1.054026484489440918e+00
-3.254461765289306641e+00
-1.434160470962524414e+00
-1.661671161651611328e+00
-3.513931035995483398e+00
8.426525115966796875e+00
-7.585565447807312012e-01
-2.131381511688232422e+00
7.294060587882995605e-01
-3.844044208526611328e+00
-1.626197814941406250e+00
-2.961389541625976562e+00
-4.428802013397216797e+00
9.381669044494628906e+00
1.037397480010986328e+01
-9.140956215560436249e-03
-1.337208390235900879e+00
-2.136687040328979492e+00
-1.407758593559265137e+00
-3.857079744338989258e+00
-1.413885116577148438e+00
-3.978596925735473633e+00
-5.508503437042236328e+00
1.543550372123718262e+00
-2.744173288345336914e+00
-4.214138984680175781e+00
-4.065799236297607422e+00
-3.835836648941040039e+00
-4.403930664062500000e+00
-3.113711357116699219e+00
-4.361582279205322266e+00
-4.461235523223876953e+00
1.565864086151123047e+00
-2.329556226730346680e+00
-1.352990150451660156e+00
3.327851533889770508e+00
-2.528564453125000000e+00
-6.423531532287597656e+00
-5.225378990173339844e+00
-3.440563678741455078e+00
-4.196177005767822266e+00
1.285979270935058594e+00
1.042851066589355469e+01
4.779747426509857178e-01
-2.410645723342895508e+00
-1.665547847747802734e+00
-1.922538876533508301e+00
-2.862890958786010742e+00
-3.234843254089355469e+00
-5.076859951019287109e+00
2.323422133922576904e-01
-5.908367156982421875e+00
-3.614097595214843750e+00
1.399728417396545410e+00
1.068849277496337891e+01
2.909281253814697266e-01
-3.532733440399169922e+00
-4.092769622802734375e+00
-2.216351747512817383e+00
-2.784990549087524414e+00
1.099347877502441406e+01
1.063888549804687500e+01
9.884636878967285156e+00
3.358496189117431641e+00
1.089415550231933594e+01
-2.747186720371246338e-01
-3.667610883712768555e+00
-3.229969739913940430e+00
-2.407986640930175781e+00
-3.229567766189575195e+00
-4.564690589904785156e+00
-3.814474105834960938e+00
-4.522318363189697266e+00
9.647950172424316406e+00
3.137369155883789062e+00
1.108227825164794922e+01
1.093050003051757812e+01
-1.188645243644714355e+00
-4.478082180023193359e+00
-3.879832267761230469e+00
-1.818953275680541992e+00
-3.264744043350219727e+00
-1.725083112716674805e+00
-6.914144158363342285e-01
6.618256568908691406e+00
-3.310940265655517578e+00
7.300093173980712891e+00
7.692540168762207031e+00
7.959547042846679688e+00
5.872543811798095703e+00
8.182576179504394531e+00
2.338135719299316406e+00
7.126024723052978516e+00
-1.248489618301391602e+00
1.034765148162841797e+01
-2.404413700103759766e+00
-4.172545433044433594e+00
-3.982963800430297852e+00
-4.164896488189697266e+00
-3.720583438873291016e+00
8.362642288208007812e+00
6.353536128997802734e+00
7.509490013122558594e+00
-2.801127433776855469e+00
8.226184844970703125e+00
6.936595916748046875e+00
7.930737495422363281e+00
7.376790046691894531e+00
8.229057312011718750e+00
7.630767822265625000e+00
8.448053359985351562e+00
-4.280754566192626953e+00
-1.652659654617309570e+00
9.157409667968750000e+00
7.835153102874755859e+00
8.633111000061035156e+00
7.993922710418701172e+00
9.365811347961425781e+00
4.284351348876953125e+00
-2.798177003860473633e+00
-3.389436006546020508e+00
3.336201906204223633e+00
2.891870498657226562e+00
9.214791297912597656e+00
7.524704933166503906e+00
-2.608815670013427734e+00
1.064448833465576172e+01
-4.089515686035156250e+00
-4.653062820434570312e+00
-3.724111795425415039e+00
-4.161371707916259766e+00
-4.255058765411376953e+00
6.313180923461914062e+00
7.077136993408203125e+00
5.970423698425292969e+00
8.723353385925292969e+00
9.169782638549804688e+00
8.632981300354003906e+00
6.728647232055664062e+00
7.797609806060791016e+00
4.906611442565917969e+00
8.767056465148925781e+00
4.343748092651367188e+00
4.759871959686279297e+00
7.130157470703125000e+00
7.945605754852294922e+00
-7.213864326477050781e-01
8.910446166992187500e+00
2.996590137481689453e+00
1.484373331069946289e+00
7.313535213470458984e+00
8.105081558227539062e+00
-1.239269524812698364e-01
9.092697143554687500e+00
5.794808864593505859e+00
1.498617172241210938e+00
7.251668930053710938e+00
8.289989471435546875e+00
-4.923538208007812500e+00
6.736255168914794922e+00
1.736339688301086426e+00
5.770980834960937500e+00
7.474730968475341797e+00
-1.958438634872436523e+00
6.992205142974853516e+00
-3.596616983413696289e+00
4.196227550506591797e+00
-2.234995126724243164e+00
7.294742107391357422e+00
-1.472444295883178711e+00
-1.412619709968566895e+00
-2.727255582809448242e+00
7.536075592041015625e+00
-6.409071385860443115e-02
-1.768807291984558105e+00
-1.185287475585937500e+00
7.730042934417724609e+00
-2.348762750625610352e-01
-2.686062812805175781e+00
-1.911868095397949219e+00
-1.361651998013257980e-02
-4.080609321594238281e+00
-2.018780469894409180e+00
8.965385437011718750e+00
-5.848563909530639648e-01
-1.076990723609924316e+00
9.207695007324218750e+00
-1.965887993574142456e-01
9.209506988525390625e+00
9.371657371520996094e+00
3.012976884841918945e+00
-1.949831485748291016e+00
-3.194607973098754883e+00
1.085684776306152344e+01
-3.715810775756835938e+00
-5.578144073486328125e+00
-3.185485601425170898e+00
-2.739157199859619141e+00
-3.905980348587036133e+00
1.518220901489257812e+00
-1.294509410858154297e+00
-3.808546543121337891e+00
2.005312919616699219e+00
7.467809677124023438e+00
-3.637781381607055664e+00
1.962292313575744629e+00
8.163227081298828125e+00
-3.647561550140380859e+00
7.588207721710205078e+00
8.570561408996582031e+00
-5.235757350921630859e+00
8.276406288146972656e+00
8.850235939025878906e+00
-2.295245647430419922e+00
8.686240196228027344e+00
9.078338623046875000e+00
-2.013213396072387695e+00
-4.681517124176025391e+00
9.031217575073242188e+00
9.266565322875976562e+00
-2.482011079788208008e+00
9.286331176757812500e+00
-2.820218563079833984e+00
9.441737174987792969e+00
-2.149118900299072266e+00
-2.292473316192626953e+00
6.707464218139648438e+00
-3.853343486785888672e+00
1.102485466003417969e+01
-4.549085617065429688e+00
-4.894099712371826172e+00
-3.958589076995849609e+00
-2.298476934432983398e+00
-3.170745849609375000e+00
7.404878139495849609e+00
7.795195579528808594e+00
9.053892135620117188e+00
8.064009666442871094e+00
8.268104553222656250e+00
8.445917129516601562e+00
-4.833347797393798828e+00
-4.075734615325927734e+00
-5.140022277832031250e+00
-3.867136955261230469e+00
-2.136841535568237305e+00
-2.229526042938232422e+00
7.018788337707519531e+00
-4.832541942596435547e+00
4.918573856353759766e+00
3.430807590484619141e+00
8.663085937500000000e+00
2.333877086639404297e+00
9.429926872253417969e+00
9.422745704650878906e+00
7.725439071655273438e-01
2.442873239517211914e+00
2.268816232681274414e+00
-3.820765256881713867e+00
-1.134397983551025391e+00
4.787524044513702393e-01
-4.279738903045654297e+00
2.563554048538208008e+00
8.405283927917480469e+00
-4.314037322998046875e+00
7.587295055389404297e+00
-3.999044418334960938e+00
-4.815381050109863281e+00
-3.509884834289550781e+00
-1.342491507530212402e+00
-2.142011404037475586e+00
-4.921506881713867188e+00
-3.904590606689453125e-01
9.078961372375488281e+00
-4.787804603576660156e+00
-3.896223545074462891e+00
9.470733642578125000e+00
-5.108261585235595703e+00
-3.432763814926147461e+00
9.760705947875976562e+00
-4.447593212127685547e+00
-2.819256305694580078e+00
9.986041069030761719e+00
-4.087915420532226562e+00
-2.245130777359008789e+00
1.017476749420166016e+01
-4.346525192260742188e+00
7.170937657356262207e-01
-4.592428207397460938e+00
5.352169275283813477e-01
-4.212957859039306641e+00
7.423653453588485718e-02
-5.510730743408203125e+00
-1.418879032135009766e-01
-5.179403305053710938e+00
-3.299440145492553711e+00
-4.368874549865722656e+00
2.014828205108642578e+00
9.797964096069335938e+00
-6.065040111541748047e+00
-5.785665512084960938e+00
-2.688532829284667969e+00
-1.282564997673034668e+00
-1.264747023582458496e+00
-5.414200305938720703e+00
8.426682472229003906e+00
-5.728790760040283203e+00
9.142028808593750000e+00
-4.493981361389160156e+00
-4.583214759826660156e+00
-5.103859901428222656e+00
-5.331421852111816406e+00
-4.049627304077148438e+00
9.551484107971191406e+00
-5.949321746826171875e+00
-5.200915336608886719e+00
-5.715072154998779297e+00
-5.065361022949218750e+00
-4.143386363983154297e+00
9.828558921813964844e+00
-5.590745449066162109e+00
-5.499746322631835938e+00
-5.165883541107177734e+00
-6.260768890380859375e+00
-3.908574342727661133e+00
1.006385993957519531e+01
-6.134953498840332031e+00
-6.073817729949951172e+00
-5.395401954650878906e+00
-6.166495800018310547e+00
-4.037098884582519531e+00
1.024612903594970703e+01
-5.425219535827636719e+00
-2.297088384628295898e+00
-5.143060684204101562e+00
-5.721543312072753906e+00
-4.359781265258789062e+00
-5.992396831512451172e+00
-2.268562555313110352e+00
-5.269344329833984375e+00
-5.543076515197753906e+00
-4.519236087799072266e+00
-5.618479251861572266e+00
-1.981177449226379395e+00
-6.070727825164794922e+00
-5.249803543090820312e+00
-4.697362422943115234e+00
-6.989278316497802734e+00
-1.875037789344787598e+00
-5.100922584533691406e+00
-5.094944477081298828e+00
-4.247448444366455078e+00
-6.129581451416015625e+00
-1.641172409057617188e+00
-3.917806386947631836e+00
1.592487573623657227e+00
1.001917648315429688e+01
1.058013057708740234e+01
-6.271277904510498047e+00
-5.035245895385742188e+00
-2.504483461380004883e+00
-8.435195684432983398e-01
-3.437879323959350586e+00
-5.183773040771484375e+00
-5.453737735748291016e+00
-1.959202647209167480e+00
-6.355404376983642578e+00
-1.640308499336242676e+00
-4.899151325225830078e+00
-5.565086364746093750e+00
-3.638611137866973877e-01
-5.309596538543701172e+00
-2.493168115615844727e+00
-5.455788612365722656e+00
-5.924329757690429688e+00
-1.443002462387084961e+00
-5.320893764495849609e+00
-5.151024341583251953e+00
-5.122737407684326172e+00
-5.845811367034912109e+00
-1.005195379257202148e+00
-5.313425540924072266e+00
-4.658419132232666016e+00
-5.224158287048339844e+00
-5.765800952911376953e+00
-1.720504164695739746e+00
-5.495798587799072266e+00
-5.152606487274169922e+00
-5.139734745025634766e+00
-4.839082241058349609e+00
7.566253185272216797e+00
-5.261425495147705078e+00
-4.622192859649658203e+00
-5.047837734222412109e+00
-5.312441349029541016e+00
8.269305229187011719e+00
-5.582714080810546875e+00
7.332823753356933594e+00
-5.204336166381835938e+00
-6.831315994262695312e+00
-5.414899826049804688e+00
8.703065872192382812e+00
-6.737192153930664062e+00
-4.250558853149414062e+00
-6.842487812042236328e+00
-6.301092624664306641e+00
8.966466903686523438e+00
-7.108647823333740234e+00
-4.270806312561035156e+00
-5.033532142639160156e+00
-6.226641654968261719e+00
9.203359603881835938e+00
-6.251907825469970703e+00
-3.496034860610961914e+00
-2.310353040695190430e+00
2.444060325622558594e+00
1.042414474487304688e+01
3.710252523422241211e+00
-7.326248645782470703e+00
-5.314011096954345703e+00
-4.084635734558105469e+00
-1.366083741188049316e+00
-2.425981283187866211e+00
-5.453573226928710938e+00
-5.615507602691650391e+00
9.408527374267578125e+00
-5.598747253417968750e+00
-3.655972957611083984e+00
-5.455310344696044922e+00
-6.240266799926757812e+00
-5.427137374877929688e+00
-3.726966619491577148e+00
-6.097432136535644531e+00
-4.763761997222900391e+00
-5.732310771942138672e+00
-4.078365802764892578e+00
-4.884155750274658203e+00
-5.518600940704345703e+00
-5.056063652038574219e+00
-3.317878961563110352e+00
-5.756076812744140625e+00
-6.976240158081054688e+00
-6.566293239593505859e+00
-3.963411331176757812e+00
-4.675522327423095703e+00
-6.102634429931640625e+00
-5.746822357177734375e+00
-4.129830837249755859e+00
-1.341353535652160645e+00
-6.758235692977905273e-01
1.071612739562988281e+01
3.166307210922241211e-01
-6.136962890625000000e+00
-5.887530803680419922e+00
-4.548417568206787109e+00
3.069340944290161133e+00
-5.316974163055419922e+00
-7.205972075462341309e-01
-1.379724264144897461e+00
1.094035339355468750e+01
1.080583095550537109e+00
-6.532585620880126953e+00
-5.190839767456054688e+00
-3.995557546615600586e+00
3.205976009368896484e+00
-4.740913867950439453e+00
-2.950646281242370605e-01
-1.393483161926269531e+00
1.112599563598632812e+01
3.526590347290039062e+00
-4.603374004364013672e+00
-4.896836280822753906e+00
-4.534998893737792969e+00
1.877356171607971191e+00
-3.431259632110595703e+00
-2.418622732162475586e+00
9.187284469604492188e+00
-1.569243073463439941e-01
-1.344544172286987305e+00
-2.496732950210571289e+00
9.387352943420410156e+00
-1.359642624855041504e+00
-8.478945493698120117e-01
-5.400785803794860840e-01
-9.983738064765930176e-01
-7.162649631500244141e-01
-6.752257347106933594e+00
-4.053970336914062500e+00
-4.201896190643310547e+00
1.770367026329040527e+00
-3.375547647476196289e+00
-6.928425431251525879e-01
-1.052266478538513184e+00
-1.378176331520080566e+00
-5.521119594573974609e+00
-4.457491874694824219e+00
-4.010174751281738281e+00
1.952807068824768066e+00
-3.845209121704101562e+00
-1.707538366317749023e+00
-1.478173971176147461e+00
-1.762451291084289551e+00
-6.024680614471435547e+00
-5.049892902374267578e+00
-7.820818424224853516e-01
9.483179092407226562e+00
-4.588853359222412109e+00
-2.798170089721679688e+00
-1.368250727653503418e+00
-2.260978460311889648e+00
-5.675428867340087891e+00
-4.518273353576660156e+00
-2.600252628326416016e+00
1.019613838195800781e+01
-4.326391220092773438e+00
-4.882620334625244141e+00
-1.432399749755859375e+00
-1.944196701049804688e+00
-6.178349018096923828e+00
-3.146268367767333984e+00
-2.799582481384277344e+00
1.061422920227050781e+01
-4.353030204772949219e+00
-3.752635478973388672e+00
-1.755051016807556152e+00
-3.600814104080200195e+00
-6.324279785156250000e+00
-2.458871603012084961e+00
-9.979698061943054199e-01
1.094172573089599609e+01
-4.550106048583984375e+00
-1.865632772445678711e+00
-4.884574413299560547e+00
-3.051281690597534180e+00
-6.957954883575439453e+00
-2.485468626022338867e+00
-4.944075644016265869e-02
1.115071296691894531e+01
-4.737144947052001953e+00
-9.011130928993225098e-01
-5.622399806976318359e+00
-2.454460382461547852e+00
-6.762132167816162109e+00
-3.442022085189819336e+00
9.488517761230468750e+00
1.133513355255126953e+01
-3.514969110488891602e+00
-5.762209892272949219e-01
-4.036705017089843750e+00
1.894084334373474121e+00
-5.159214019775390625e+00
-3.205897808074951172e+00
1.017391872406005859e+01
-2.778388738632202148e+00
-8.311703056097030640e-02
-3.123996973037719727e+00
1.756653785705566406e+00
-5.211453914642333984e+00
-3.908589124679565430e+00
1.058909416198730469e+01
-2.576255083084106445e+00
-2.982890129089355469e+00
9.375866889953613281e+00
4.453756511211395264e-01
-7.684472203254699707e-01
-1.377921581268310547e+00
7.956532001495361328e+00
7.902930259704589844e+00
-3.685635924339294434e-01
-3.298684597015380859e+00
1.953697681427001953e+00
7.806241989135742188e+00
-5.167673110961914062e+00
-4.338675498962402344e+00
1.088486957550048828e+01
-2.784332513809204102e+00
3.565163135528564453e+00
-3.811213493347167969e+00
8.598139882087707520e-01
1.398771882057189941e+00
-5.527214527130126953e+00
-4.111002922058105469e+00
1.112423229217529297e+01
-4.121603965759277344e+00
3.466707468032836914e+00
-3.178109169006347656e+00
-2.235694169998168945e+00
3.286393880844116211e-01
-4.861198425292968750e+00
-4.388140678405761719e+00
1.131115913391113281e+01
-3.939512729644775391e+00
2.772163867950439453e+00
-2.369447231292724609e+00
8.890275001525878906e+00
2.131609916687011719e+00
-4.269690990447998047e+00
-2.265993118286132812e+00
-3.291696548461914062e+00
2.016157865524291992e+00
-1.957343459129333496e+00
9.565447807312011719e+00
1.145141959190368652e+00
-4.453742504119873047e+00
-2.317024707794189453e+00
-2.984108924865722656e+00
1.877404093742370605e+00
8.388109803199768066e-01
9.971992492675781250e+00
-3.115250349044799805e+00
-4.809042930603027344e+00
-1.999076485633850098e+00
-3.152273893356323242e+00
8.725112915039062500e+00
1.508596181869506836e+00
1.026019954681396484e+01
-3.489151239395141602e+00
-3.989800453186035156e+00
-1.886638402938842773e+00
-3.281606912612915039e+00
9.378882408142089844e+00
1.755712270736694336e+00
1.048798847198486328e+01
-3.190038204193115234e+00
-3.669972658157348633e+00
-1.829130530357360840e+00
-3.775350809097290039e+00
9.795389175415039062e+00
2.276054859161376953e+00
1.066886520385742188e+01
-3.387914419174194336e+00
-3.239475488662719727e+00
-8.330764174461364746e-01
-5.828419208526611328e+00
1.003878402709960938e+01
2.164441585540771484e+00
-2.311867475509643555e+00
-2.697298765182495117e+00
9.243089675903320312e+00
1.360292673110961914e+00
-5.378143310546875000e+00
-2.975273132324218750e+00
7.825395584106445312e+00
-9.628700017929077148e-01
-1.703059911727905273e+00
8.639432907104492188e+00
8.264609336853027344e+00
7.238581180572509766e+00
8.579899787902832031e+00
1.024029731750488281e+01
8.839998245239257812e+00
-2.929033517837524414e+00
-2.525526523590087891e+00
9.860900878906250000e+00
5.718886852264404297e-01
-5.579622268676757812e+00
1.039162349700927734e+01
9.527601242065429688e+00
-2.868869543075561523e+00
-1.046571135520935059e+00
1.024505615234375000e+01
1.372427940368652344e+00
-5.156038284301757812e+00
9.931999206542968750e+00
-7.710767388343811035e-01
-6.660340428352355957e-01
1.049965667724609375e+01
8.916862487792968750e+00
9.030815958976745605e-01
-4.308150768280029297e+00
1.015508174896240234e+01
-1.880918383598327637e+00
3.076729297637939453e+00
1.071937751770019531e+01
2.937838792800903320e+00
3.883793056011199951e-01
-3.238855600357055664e+00
1.036010169982910156e+01
3.710505366325378418e-01
2.457957744598388672e+00
1.091525173187255859e+01
2.463093757629394531e+00
3.246099650859832764e-01
-2.644778966903686523e+00
1.051557540893554688e+01
1.749326825141906738e+00
2.404700756072998047e+00
6.202616691589355469e-01
4.482611268758773804e-02
-2.610489606857299805e+00
1.965526938438415527e+00
1.421936988830566406e+00
-1.312476992607116699e+00
-5.617395788431167603e-02
-2.809076309204101562e+00
9.065617561340332031e+00
-5.834138989448547363e-01
-2.766818523406982422e+00
9.071224212646484375e+00
-4.077543735504150391e+00
9.751454353332519531e+00
9.146722793579101562e+00
-2.727307319641113281e+00
9.771232604980468750e+00
-3.956057786941528320e+00
1.015699005126953125e+01
9.841470718383789062e+00
-2.551619052886962891e+00
1.018275260925292969e+01
-4.166596889495849609e+00
-2.371732234954833984e+00
8.517086029052734375e+00
-1.077222153544425964e-01
7.727488517761230469e+00
9.042241096496582031e+00
8.792410850524902344e+00
8.005487442016601562e+00
8.975853919982910156e+00
1.043289089202880859e+01
1.027425861358642578e+01
-3.336282968521118164e+00
1.047328662872314453e+01
-5.492950916290283203e+00
1.066413211822509766e+01
1.054119491577148438e+01
-4.345901012420654297e+00
4.126049041748046875e+00
1.067918014526367188e+01
-4.428292274475097656e+00
1.084918880462646484e+01
1.074929618835449219e+01
-3.596935749053955078e+00
-4.399106502532958984e+00
1.086422157287597656e+01
-3.541082859039306641e+00
1.090317535400390625e+01
-4.385333061218261719e+00
-2.478819131851196289e+00
-4.490037918090820312e+00
-3.798413276672363281e+00
-3.283435106277465820e+00
-4.667170047760009766e+00
-4.566822052001953125e+00
-3.808159351348876953e+00
-4.528916835784912109e+00
-4.386727333068847656e+00
-5.005262374877929688e+00
-5.746901035308837891e+00
-5.263842105865478516e+00
-3.759554624557495117e+00
-3.847862243652343750e+00
-6.197658538818359375e+00
-4.877620697021484375e+00
-3.690854787826538086e+00
8.918014526367187500e+00
-3.101111054420471191e-01
8.401904106140136719e+00
9.332152366638183594e+00
9.216868400573730469e+00
8.627338409423828125e+00
9.267586708068847656e+00
-5.011750221252441406e+00
-5.068079471588134766e+00
-3.350437641143798828e+00
-4.393328189849853516e+00
-4.529797077178955078e+00
-3.148550987243652344e+00
-5.327959060668945312e+00
-2.957364320755004883e+00
-4.191374778747558594e+00
-3.938117027282714844e+00
-5.763670921325683594e+00
-3.638585805892944336e+00
-4.403553485870361328e+00
-3.712906122207641602e+00
-2.828391313552856445e+00
-3.821522474288940430e+00
-2.352734565734863281e+00
-4.899621009826660156e+00
-2.052874565124511719e+00
-4.626190662384033203e+00
-5.515227317810058594e+00
-2.069992780685424805e+00
-4.705209255218505859e+00
-2.224765062332153320e+00
-4.965415477752685547e+00
1.086931800842285156e+01
-5.915043354034423828e+00
-2.477143764495849609e+00
